service_id,monday,tuesday,wednesday,thursday,friday,saturday,sunday,start_date,end_date
7539,1,1,1,1,1,1,1,20200613,20200905
12261,0,0,0,0,1,0,0,20200710,20200828
1241,1,1,1,1,0,0,0,20200706,20200827
472,0,0,0,0,0,1,0,20200704,20200829
12264,0,0,0,0,1,0,1,20200612,20200830
1482,1,0,0,0,0,0,0,20200608,20200629
12265,1,1,1,1,1,0,1,20200608,20200703
12266,1,1,1,1,0,1,1,20200608,20200905
12267,1,1,1,1,1,0,0,20200831,20200904
8196,1,1,1,1,0,0,0,20200831,20200903
12269,0,0,0,0,1,0,0,20200710,20200828
12270,1,1,1,1,1,0,0,20200831,20200904
7006,0,0,0,0,0,1,0,20200613,20200829
12272,1,1,1,1,1,0,0,20200608,20200904
12273,1,1,1,1,1,0,1,20200608,20200830
12275,0,0,0,0,1,0,1,20200614,20200830
7448,0,0,0,0,1,0,0,20200619,20200626
12279,1,0,0,0,0,0,0,20200706,20200824
7203,0,0,0,0,1,0,1,20200703,20200712
12280,0,0,0,0,1,0,0,20200609,20200703
519,1,1,1,1,0,0,0,20200831,20200903
2630,1,1,1,1,0,0,0,20200608,20200702
12281,0,0,0,1,0,0,0,20200709,20200827
5459,0,0,0,0,1,0,1,20200612,20200904
12282,1,1,1,1,0,0,0,20200817,20200820
1483,1,1,1,1,1,0,0,20200831,20200904
11055,1,1,1,1,0,1,0,20200608,20200705
6371,0,1,1,0,0,0,0,20200609,20200701
6312,1,1,1,1,1,0,0,20200706,20200905
6279,0,0,0,0,0,0,1,20200614,20200830
12285,0,0,0,0,1,1,1,20200706,20200726
12287,0,0,0,0,1,1,1,20200731,20200905
12288,0,0,0,0,1,0,0,20200612,20200619
6258,1,1,1,1,0,0,0,20200706,20200827
12290,0,0,0,0,1,0,0,20200612,20200703
6253,0,0,0,0,0,1,1,20200620,20200905
12292,1,1,1,0,0,1,0,20200704,20200829
12294,0,1,1,1,0,0,0,20200610,20200702
9068,0,1,1,1,1,0,0,20200716,20200828
12295,0,1,1,1,0,0,0,20200707,20200827
2592,0,0,0,0,1,0,0,20200619,20200904
2094,0,1,1,1,1,0,0,20200707,20200710
5725,1,1,1,1,1,1,1,20200628,20200713
5722,1,1,1,1,1,1,1,20200608,20200905
12296,0,0,0,0,1,0,0,20200706,20200904
12298,0,0,0,0,1,0,0,20200710,20200828
12299,1,0,0,0,0,0,0,20200706,20200824
12300,0,0,0,0,1,0,0,20200612,20200828
12304,0,0,0,0,1,0,0,20200612,20200619
6690,1,1,1,1,1,1,0,20200608,20200905
12305,1,1,1,1,1,1,1,20200608,20200905
140,0,0,0,0,1,0,0,20200612,20200904
12306,0,0,0,0,1,0,0,20200710,20200828
12307,0,0,0,0,0,1,0,20200704,20200711
2073,0,0,0,0,0,1,1,20200704,20200830
12308,0,0,0,0,1,0,0,20200626,20200904
12309,1,1,1,1,0,1,1,20200706,20200905
12310,1,1,1,1,0,1,1,20200614,20200905
12311,1,1,1,1,1,1,1,20200608,20200904
12312,1,1,1,1,0,1,0,20200608,20200623
6460,0,0,0,0,1,1,0,20200704,20200829
12313,0,0,0,0,1,0,0,20200703,20200710
12315,0,0,0,0,1,0,0,20200703,20200710
12317,0,0,0,0,1,0,0,20200612,20200619
12319,0,0,0,0,0,1,0,20200704,20200829
12320,0,0,0,0,0,0,1,20200705,20200830
12321,0,1,1,1,0,0,0,20200609,20200611
12322,0,0,0,1,0,0,0,20200709,20200827
12324,0,0,0,0,0,0,1,20200614,20200903
12326,1,1,1,1,1,0,0,20200706,20200905
12327,1,1,1,1,0,0,0,20200608,20200611
12328,1,1,1,1,0,0,0,20200706,20200827
12331,0,0,0,0,1,0,0,20200710,20200828
1674,1,0,0,0,0,0,0,20200706,20200824
11049,0,0,0,0,1,1,1,20200731,20200830
11050,0,0,0,0,1,1,1,20200704,20200726
1267,0,0,0,0,1,0,0,20200619,20200904
5440,1,1,1,1,0,0,0,20200817,20200820
12332,1,1,1,1,0,1,0,20200608,20200613
6644,1,1,1,1,0,0,0,20200608,20200611
12333,1,1,1,1,0,0,0,20200614,20200903
6402,0,0,0,0,0,1,1,20200614,20200830
8473,0,0,0,0,1,0,0,20200619,20200904
12334,0,0,0,0,0,1,1,20200614,20200905
1519,0,0,0,0,1,0,0,20200619,20200828
12336,1,1,1,1,0,1,1,20200614,20200905
1751,1,1,1,1,1,1,0,20200608,20200613
12337,1,1,1,1,1,0,1,20200614,20200905
976,1,1,1,1,1,0,0,20200817,20200821
12338,0,0,0,0,1,1,0,20200612,20200613
12339,0,0,0,0,1,0,0,20200619,20200703
12340,1,1,1,0,1,1,1,20200614,20200905
12341,0,0,0,0,0,1,0,20200704,20200829
1996,1,1,1,1,0,0,0,20200608,20200611
12342,1,1,1,1,1,1,0,20200608,20200613
9231,0,0,0,0,0,0,1,20200614,20200628
2607,0,0,0,0,1,0,0,20200619,20200828
347,0,0,0,0,0,0,1,20200614,20200628
5551,1,1,1,1,0,1,0,20200613,20200905
7022,0,0,0,0,1,1,0,20200706,20200829
5586,0,0,0,0,1,0,0,20200706,20200904
7021,1,1,1,1,1,1,0,20200831,20200905
5064,0,0,0,0,1,0,0,20200608,20200904
7426,0,0,0,0,0,1,0,20200622,20200829
7535,0,0,0,0,1,0,1,20200612,20200830
7423,0,0,0,0,0,1,0,20200628,20200713
7145,0,0,0,0,0,1,0,20200706,20200829
7143,1,1,1,1,1,0,1,20200614,20200830
12343,0,0,0,0,0,0,1,20200705,20200830
12344,0,0,0,0,1,0,0,20200710,20200828
6345,1,1,1,1,1,1,1,20200608,20200905
12345,1,1,1,1,1,0,0,20200623,20200703
2636,0,0,0,0,0,1,0,20200613,20200627
4875,1,1,1,1,1,0,0,20200706,20200724
12348,1,1,1,1,1,0,1,20200705,20200830
4873,1,1,1,1,1,0,0,20200727,20200904
12350,0,0,0,0,0,1,0,20200613,20200620
12351,0,0,0,0,0,1,0,20200614,20200829
12352,0,0,0,0,0,1,0,20200706,20200904
12353,1,1,1,1,1,1,1,20200706,20200903
12354,1,1,1,1,0,0,0,20200706,20200905
2065,0,0,0,0,1,0,0,20200612,20200904
12355,0,0,0,1,0,0,0,20200709,20200827
9677,1,1,1,1,1,1,0,20200831,20200905
9678,0,0,0,0,1,1,1,20200720,20200830
12356,1,1,1,0,1,1,0,20200608,20200905
5578,1,1,1,1,1,0,0,20200608,20200904
11431,1,1,1,1,1,1,0,20200608,20200905
10665,0,0,0,0,1,0,0,20200612,20200904
12358,0,0,0,0,0,0,1,20200614,20200830
5059,0,0,0,0,0,0,1,20200614,20200830
12360,0,0,0,0,0,0,1,20200614,20200830
148,0,0,0,0,0,1,1,20200613,20200628
12361,1,1,1,1,1,0,0,20200608,20200904
237,0,0,0,0,1,0,0,20200710,20200828
1240,1,1,1,1,0,1,1,20200704,20200830
2053,1,0,0,0,1,0,0,20200608,20200703
2481,0,0,0,0,0,0,1,20200614,20200628
12362,1,1,1,1,1,0,0,20200831,20200904
12363,1,0,0,0,0,0,0,20200612,20200904
7443,0,0,0,0,1,0,1,20200619,20200628
12364,0,0,0,0,1,0,0,20200710,20200828
12365,0,0,1,1,0,0,0,20200610,20200611
12366,1,1,1,1,0,0,0,20200831,20200903
555,0,0,0,0,0,0,1,20200705,20200830
4144,1,1,1,1,0,0,1,20200608,20200702
12367,1,1,1,1,0,0,0,20200831,20200903
12368,1,0,0,0,0,1,0,20200704,20200829
8413,1,1,1,1,0,0,1,20200608,20200703
12370,0,0,0,0,1,0,0,20200619,20200828
12375,0,0,0,0,0,0,1,20200614,20200830
5910,1,1,1,1,1,1,0,20200608,20200905
5762,0,1,1,1,0,0,0,20200609,20200702
879,0,0,0,0,0,1,0,20200704,20200829
12377,1,1,1,1,0,1,1,20200608,20200905
12378,0,0,0,0,0,0,1,20200629,20200901
1150,0,0,0,0,0,1,0,20200620,20200829
6039,0,1,1,1,1,0,0,20200609,20200612
12379,0,1,1,1,1,0,0,20200617,20200626
12380,0,1,1,1,0,0,0,20200707,20200827
257,0,0,0,0,0,1,0,20200620,20200627
12382,0,0,0,0,1,0,0,20200710,20200828
7749,0,0,0,0,1,0,1,20200614,20200830
12384,0,0,0,0,0,0,1,20200622,20200628
12385,1,0,1,1,1,1,1,20200608,20200705
12386,0,1,1,1,1,0,1,20200705,20200830
6112,1,1,1,1,0,0,0,20200624,20200702
6107,1,1,1,1,1,1,1,20200622,20200830
6115,0,0,0,0,1,1,0,20200904,20200905
12387,0,1,1,0,0,0,0,20200609,20200610
12388,1,1,1,1,0,0,0,20200831,20200903
6104,1,1,1,1,0,0,0,20200615,20200623
12391,0,0,0,0,1,0,0,20200619,20200703
12392,1,1,1,1,0,0,0,20200831,20200903
6880,0,0,0,0,0,0,1,20200705,20200830
6048,1,0,0,0,0,0,0,20200615,20200905
860,0,0,0,0,0,0,1,20200614,20200628
8325,1,1,1,1,0,0,0,20200609,20200702
12395,0,1,1,1,0,0,0,20200609,20200702
12396,0,1,1,1,1,0,0,20200818,20200821
12399,0,0,0,0,1,0,0,20200710,20200828
12400,0,0,0,0,0,1,1,20200704,20200830
6159,0,0,0,0,0,0,1,20200614,20200830
8788,1,1,1,1,1,1,1,20200706,20200830
12401,1,1,1,1,0,0,0,20200831,20200903
8761,0,0,0,0,1,1,0,20200626,20200829
1057,1,1,1,1,1,1,1,20200608,20200905
2523,0,0,0,0,1,0,0,20200612,20200703
6532,0,0,0,0,0,1,0,20200615,20200705
12402,0,0,0,0,0,0,1,20200622,20200628
12403,0,0,0,0,0,1,0,20200613,20200620
7341,0,0,0,0,0,1,0,20200608,20200904
12404,1,1,1,1,0,0,0,20200608,20200905
737,0,0,0,0,1,0,0,20200717,20200828
9017,0,0,0,0,0,0,1,20200614,20200830
1998,1,1,1,1,0,0,0,20200615,20200702
12408,0,0,0,0,1,0,0,20200710,20200828
12409,0,0,0,0,0,0,1,20200705,20200830
12410,0,0,0,0,0,1,0,20200704,20200829
12411,0,0,0,0,0,0,1,20200614,20200903
12412,0,0,0,0,0,0,1,20200614,20200628
521,1,1,1,1,0,0,0,20200608,20200702
12413,1,1,1,1,0,0,0,20200831,20200903
12414,0,0,0,0,1,0,0,20200710,20200828
8451,1,1,1,1,1,1,1,20200706,20200830
3384,1,1,1,1,1,0,0,20200608,20200612
12415,0,1,1,1,0,0,0,20200707,20200827
12416,1,1,1,1,1,0,1,20200614,20200905
11563,0,1,1,1,1,1,0,20200609,20200613
12417,0,0,0,0,1,0,0,20200619,20200703
4441,0,1,1,1,1,0,0,20200616,20200626
12419,1,1,1,1,1,1,1,20200614,20200905
12420,0,0,0,0,0,1,0,20200704,20200829
12421,0,0,0,0,0,0,1,20200614,20200830
12422,0,0,0,0,1,1,0,20200612,20200613
12423,1,1,1,1,1,0,0,20200706,20200905
12424,1,1,1,1,0,0,0,20200608,20200611
12425,1,1,1,1,1,1,1,20200608,20200905
12426,0,0,0,0,1,0,0,20200612,20200619
12427,0,0,0,0,1,0,0,20200626,20200904
12428,1,0,0,0,0,0,0,20200608,20200904
12429,1,1,1,1,0,0,0,20200831,20200903
12430,1,1,1,1,0,0,0,20200831,20200903
6952,1,1,1,1,0,1,1,20200608,20200830
5554,0,0,0,0,1,0,1,20200612,20200904
507,1,0,0,0,0,0,0,20200608,20200831
5899,1,1,1,1,1,0,0,20200727,20200904
6955,0,0,0,0,1,1,0,20200612,20200703
6954,0,0,0,0,1,1,0,20200904,20200905
5903,1,1,1,1,1,0,0,20200608,20200724
12431,0,1,1,1,1,0,1,20200614,20200905
12432,0,0,0,0,0,0,1,20200705,20200830
12433,0,0,0,0,0,0,1,20200614,20200628
12436,1,1,1,1,1,1,0,20200608,20200905
8275,1,1,1,1,1,1,1,20200608,20200905
3114,1,1,1,1,1,0,0,20200831,20200904
12437,1,1,1,1,1,0,0,20200608,20200703
12438,1,1,1,1,1,0,0,20200706,20200828
12440,0,0,0,0,0,1,1,20200704,20200830
12441,0,0,0,0,0,1,0,20200613,20200620
12442,0,0,0,1,0,0,0,20200709,20200827
8174,1,1,1,1,1,1,1,20200613,20200905
12443,1,1,1,1,1,0,0,20200608,20200623
2475,0,0,0,0,0,0,1,20200614,20200830
1020,0,0,0,0,1,0,0,20200619,20200703
5406,0,1,1,1,1,0,0,20200707,20200828
12444,0,0,0,0,1,0,0,20200612,20200619
4014,0,0,0,0,0,1,0,20200613,20200905
12445,1,1,1,1,1,1,0,20200831,20200905
1723,1,1,1,1,1,0,0,20200615,20200831
7628,1,0,0,0,0,0,0,20200715,20200802
12446,1,1,1,0,1,1,1,20200613,20200830
7633,1,1,1,1,1,0,0,20200608,20200712
12447,0,0,0,0,1,0,1,20200614,20200904
12448,1,1,1,1,1,1,0,20200831,20200905
12449,1,1,1,1,1,1,0,20200704,20200829
12450,0,0,0,0,0,0,1,20200705,20200830
3744,0,0,0,0,0,0,1,20200614,20200628
4555,1,1,1,1,1,1,0,20200831,20200905
157,1,1,1,1,1,0,0,20200622,20200703
57,1,1,1,1,1,0,0,20200615,20200619
497,1,1,1,1,1,0,0,20200608,20200612
4556,1,1,1,1,1,1,0,20200704,20200829
1022,1,1,1,1,1,0,0,20200615,20200703
8030,1,1,1,1,1,1,0,20200831,20200905
595,1,1,1,1,1,1,1,20200704,20200830
1131,0,0,0,0,0,1,1,20200620,20200628
12453,1,1,1,1,0,0,0,20200831,20200903
1517,0,0,0,0,0,0,1,20200614,20200628
7569,1,1,1,1,1,1,1,20200608,20200703
12454,0,0,0,0,1,0,0,20200803,20200905
12455,0,0,0,0,1,0,0,20200710,20200828
12456,0,0,0,0,0,1,0,20200704,20200829
12457,0,0,0,0,0,0,1,20200614,20200628
12458,0,1,1,1,1,0,0,20200709,20200827
2120,0,0,0,0,0,1,0,20200613,20200627
12459,1,0,0,0,0,0,0,20200706,20200828
2084,0,0,0,0,1,0,0,20200717,20200731
6213,1,1,1,1,1,0,0,20200608,20200612
12461,0,0,0,0,1,0,0,20200619,20200703
1018,1,1,1,1,1,0,0,20200706,20200828
2411,0,0,0,0,0,0,1,20200614,20200628
8157,1,1,1,1,0,0,0,20200608,20200611
8163,1,1,1,1,0,0,0,20200615,20200702
3195,0,0,0,0,0,0,1,20200621,20200628
12469,1,1,1,1,1,0,0,20200615,20200702
1511,1,1,1,1,1,1,1,20200704,20200831
12472,0,0,0,0,0,0,1,20200705,20200830
12473,1,1,1,1,0,0,0,20200615,20200702
12474,1,1,1,1,0,0,0,20200608,20200611
12475,1,1,1,1,1,0,1,20200705,20200830
12476,0,0,0,0,0,1,0,20200704,20200829
7565,1,1,1,1,1,0,0,20200831,20200904
816,1,1,1,1,1,0,0,20200831,20200904
2421,0,0,0,0,0,0,1,20200621,20200628
7301,0,0,0,0,0,0,1,20200614,20200628
947,1,1,1,1,1,1,0,20200704,20200829
3609,1,1,1,1,1,0,0,20200608,20200612
12478,1,1,1,1,1,0,0,20200831,20200904
3610,1,1,1,1,1,0,0,20200831,20200904
1313,0,0,0,0,0,0,1,20200719,20200802
1448,1,1,1,1,1,0,0,20200615,20200828
3745,0,0,0,0,0,0,1,20200705,20200830
11946,0,0,0,0,0,1,0,20200704,20200829
12481,1,1,1,1,1,1,1,20200704,20200830
8027,0,0,0,0,0,1,1,20200614,20200628
12484,1,1,1,1,1,0,0,20200831,20200904
1133,1,1,1,1,1,0,0,20200608,20200612
12485,1,1,1,1,1,0,0,20200831,20200904
12486,1,1,1,1,1,0,0,20200608,20200703
7737,0,0,0,0,0,1,0,20200613,20200627
12488,0,0,0,0,1,0,0,20200608,20200703
718,0,0,0,0,0,0,1,20200621,20200628
12489,1,1,1,1,1,0,0,20200706,20200828
10183,1,1,1,0,0,0,0,20200831,20200902
12491,0,0,0,0,0,0,1,20200705,20200830
12494,0,0,0,0,0,1,0,20200704,20200829
12495,1,1,1,1,1,0,0,20200706,20200828
1779,0,0,0,0,0,0,1,20200614,20200628
8608,0,0,0,0,0,1,1,20200613,20200628
11053,0,0,0,0,1,1,0,20200904,20200905
12496,1,1,1,1,0,0,0,20200615,20200702
12497,0,0,0,0,1,0,0,20200710,20200828
12500,0,0,0,0,0,0,1,20200705,20200830
12501,0,1,0,0,0,0,0,20200728,20200806
12502,1,1,1,1,1,1,0,20200706,20200829
12504,0,0,0,0,0,0,1,20200614,20200621
7359,1,1,1,1,0,0,0,20200706,20200905
12506,0,0,0,0,1,0,1,20200705,20200830
1470,0,0,0,0,1,0,0,20200612,20200703
1269,0,0,0,0,1,0,0,20200710,20200904
12508,1,1,1,1,0,0,0,20200608,20200702
331,0,0,0,0,0,1,0,20200613,20200620
12509,0,0,0,0,0,0,1,20200608,20200628
6171,0,0,0,0,0,0,1,20200705,20200830
12510,0,0,0,0,0,1,0,20200613,20200620
12511,1,1,1,0,0,1,1,20200704,20200905
12512,1,1,1,1,0,1,1,20200608,20200702
12513,0,0,0,0,1,0,1,20200612,20200703
12514,0,0,0,0,1,0,0,20200612,20200703
12515,1,1,1,1,0,0,0,20200608,20200702
2186,0,0,0,0,0,0,1,20200614,20200621
12516,0,0,0,0,1,0,0,20200710,20200828
12517,0,0,0,0,1,0,0,20200619,20200703
179,1,1,1,1,1,0,0,20200608,20200703
12519,0,0,0,1,0,0,0,20200709,20200827
2528,0,1,0,0,0,0,1,20200705,20200719
2529,0,0,0,0,0,0,1,20200726,20200830
12520,1,1,1,1,0,0,0,20200608,20200702
12521,1,1,1,1,0,0,0,20200831,20200903
12522,0,0,0,0,0,1,0,20200704,20200829
12523,1,1,1,1,0,0,0,20200831,20200903
1478,0,1,1,1,0,0,0,20200707,20200827
12524,1,0,0,0,0,1,0,20200704,20200829
12525,1,1,1,1,0,0,0,20200615,20200702
12526,1,1,1,1,0,0,0,20200608,20200702
12527,0,0,0,0,1,0,0,20200612,20200619
12528,0,0,0,0,0,1,0,20200613,20200620
8349,1,1,1,1,0,1,0,20200704,20200905
12529,0,0,0,0,0,1,1,20200613,20200628
2000,1,1,1,1,0,0,0,20200625,20200702
5686,1,0,0,0,0,1,0,20200831,20200905
5693,1,0,0,0,0,1,0,20200608,20200629
5758,0,1,1,1,0,0,0,20200609,20200702
6035,0,1,1,1,0,0,0,20200901,20200903
12530,0,0,0,0,1,0,0,20200626,20200703
12531,0,0,0,0,1,0,0,20200710,20200828
10901,1,1,1,1,0,0,1,20200705,20200830
12533,0,0,0,0,1,0,0,20200612,20200619
3751,1,0,0,0,1,0,0,20200706,20200828
7441,0,1,1,1,0,0,0,20200616,20200618
4197,0,0,0,0,0,0,1,20200614,20200628
12536,0,0,0,0,1,1,0,20200612,20200904
12540,1,1,1,1,0,0,0,20200608,20200702
12541,0,0,0,0,0,0,1,20200614,20200628
12542,0,1,1,1,1,0,0,20200720,20200904
6433,0,0,0,0,0,1,1,20200627,20200830
12543,1,1,1,1,1,0,0,20200608,20200703
7739,1,1,1,1,0,1,1,20200608,20200702
12544,1,1,1,1,0,1,0,20200608,20200702
3971,1,1,1,1,0,1,0,20200831,20200905
12545,1,1,1,0,0,1,1,20200704,20200905
12546,0,0,0,0,0,1,0,20200613,20200620
5152,0,0,0,0,0,0,1,20200614,20200719
5557,0,0,0,0,0,0,1,20200726,20200830
12547,1,1,1,1,0,0,0,20200608,20200702
12548,0,0,0,0,0,0,1,20200614,20200621
12549,0,0,0,0,0,1,0,20200613,20200905
12550,1,0,0,0,0,0,0,20200720,20200824
12551,0,0,0,0,1,0,0,20200710,20200828
12552,1,1,1,1,0,0,0,20200608,20200624
12553,1,1,1,1,0,0,0,20200831,20200903
12554,0,0,0,1,0,0,0,20200709,20200827
12555,0,0,0,0,1,0,0,20200710,20200828
12556,0,0,0,0,1,0,0,20200710,20200828
5550,1,1,1,1,0,1,0,20200704,20200905
12559,0,0,0,0,0,1,0,20200613,20200627
7442,1,1,1,1,0,0,0,20200608,20200702
12560,0,0,0,0,0,0,1,20200705,20200830
12562,0,0,0,0,0,0,1,20200705,20200830
12565,0,0,0,0,1,0,0,20200710,20200828
12566,1,1,1,1,1,0,0,20200727,20200903
12567,0,0,0,0,1,0,0,20200608,20200903
12568,0,0,0,0,1,0,0,20200710,20200724
12569,0,0,0,0,0,1,0,20200614,20200829
12570,0,0,0,0,0,0,1,20200614,20200628
4935,1,0,0,0,0,0,0,20200608,20200629
4836,0,0,0,0,1,0,0,20200731,20200828
4133,0,0,0,0,0,1,0,20200704,20200718
1159,0,0,0,0,0,1,0,20200725,20200829
12573,0,0,0,0,0,1,0,20200704,20200829
12574,0,0,0,0,1,1,1,20200608,20200905
3466,0,0,0,0,0,1,0,20200613,20200627
12577,0,0,0,0,0,0,1,20200613,20200830
3953,1,1,1,1,0,0,0,20200608,20200827
12579,0,0,0,0,1,0,0,20200612,20200828
12580,0,0,0,0,1,0,0,20200612,20200703
4834,0,0,0,0,1,0,0,20200612,20200717
12581,0,0,0,0,0,0,1,20200614,20200628
12582,1,1,1,1,0,1,1,20200612,20200905
6839,0,0,0,0,1,0,1,20200612,20200703
12583,0,1,1,0,0,0,0,20200623,20200624
12584,1,1,1,1,0,0,0,20200608,20200622
3147,0,0,0,0,1,0,0,20200710,20200717
12585,0,0,0,0,0,1,0,20200725,20200829
12586,0,0,0,0,1,0,0,20200724,20200828
12587,0,0,0,0,1,0,0,20200710,20200717
12588,0,0,0,0,1,0,0,20200710,20200717
12589,0,0,0,0,0,1,0,20200704,20200718
12590,0,0,0,0,1,0,0,20200724,20200828
3830,0,0,0,0,1,0,0,20200724,20200828
12591,1,1,1,1,0,0,0,20200608,20200702
3824,0,1,1,1,0,0,0,20200721,20200903
12592,1,1,1,1,0,0,0,20200831,20200903
12593,1,1,1,1,0,0,1,20200720,20200905
3826,0,1,1,1,0,0,0,20200609,20200716
12594,1,1,1,1,0,1,0,20200704,20200718
12595,1,1,1,1,0,1,0,20200720,20200829
9614,1,0,0,0,0,0,0,20200720,20200831
9613,1,0,0,0,0,0,0,20200608,20200715
6870,0,0,0,0,1,0,0,20200731,20200904
12596,0,0,0,0,0,0,1,20200614,20200621
3833,1,0,0,0,0,0,1,20200608,20200719
12597,0,1,1,1,1,1,0,20200609,20200628
12598,0,1,1,1,1,0,0,20200721,20200905
12599,1,0,0,0,0,0,1,20200720,20200831
12601,0,0,0,0,0,1,1,20200613,20200719
12602,0,0,0,0,1,0,0,20200612,20200703
12603,0,0,0,0,1,0,0,20200710,20200828
12604,1,0,0,0,0,1,0,20200704,20200829
12605,1,1,1,1,0,0,0,20200831,20200903
1458,0,0,0,0,0,0,1,20200614,20200628
12606,1,0,0,0,0,1,0,20200704,20200829
2457,0,0,0,0,0,1,0,20200613,20200627
12607,0,0,0,0,1,0,0,20200612,20200703
12608,1,1,1,1,1,0,0,20200609,20200703
12609,0,0,0,0,1,0,1,20200612,20200703
12610,0,0,0,0,1,1,0,20200904,20200905
12611,1,1,1,1,0,0,0,20200608,20200702
12613,1,1,1,1,0,0,0,20200706,20200831
12614,0,0,0,0,0,1,0,20200613,20200627
12615,1,0,0,0,0,0,0,20200608,20200629
12616,0,0,0,0,1,0,0,20200612,20200703
12617,1,1,1,1,1,0,0,20200608,20200703
12618,0,0,0,0,0,0,1,20200705,20200903
12619,0,1,1,1,1,1,1,20200609,20200703
12621,0,0,0,0,0,1,0,20200613,20200627
5411,0,0,0,0,0,1,0,20200627,20200905
12622,0,1,1,1,1,0,0,20200707,20200904
12623,0,0,0,0,1,1,1,20200704,20200905
12624,0,0,0,0,1,0,1,20200612,20200703
12625,1,1,1,1,0,0,0,20200831,20200903
8384,0,0,0,0,0,0,1,20200705,20200904
7522,0,0,0,0,0,1,0,20200613,20200620
12626,1,1,1,1,0,0,0,20200608,20200702
12627,1,1,1,1,0,0,0,20200608,20200702
12628,0,0,0,0,0,1,0,20200704,20200829
12629,0,1,1,1,0,0,0,20200707,20200827
12630,0,0,0,0,0,0,1,20200614,20200628
12631,1,1,1,1,1,0,0,20200625,20200703
12632,1,1,1,1,1,0,0,20200831,20200904
12633,1,1,1,1,1,0,0,20200608,20200624
2225,1,1,1,1,1,0,1,20200705,20200830
12634,0,0,0,0,0,1,0,20200613,20200712
12635,0,0,0,0,1,1,0,20200612,20200703
12636,0,0,0,0,0,1,0,20200613,20200620
12638,1,1,1,1,0,0,0,20200608,20200702
12640,1,0,0,0,0,1,0,20200704,20200829
12641,0,0,0,0,0,0,1,20200705,20200830
12643,1,0,0,0,0,1,0,20200704,20200829
12644,1,1,1,1,0,0,0,20200706,20200831
12645,0,0,0,0,0,1,0,20200613,20200627
12646,0,0,0,0,1,1,0,20200904,20200905
12647,1,1,1,1,0,0,0,20200831,20200903
12648,1,1,1,1,1,0,0,20200608,20200703
12649,1,1,1,1,0,0,0,20200608,20200702
12651,1,0,0,0,0,0,0,20200608,20200629
12652,0,0,0,0,1,0,0,20200619,20200828
12654,0,0,0,0,0,0,1,20200614,20200628
12656,0,0,0,0,0,0,1,20200614,20200830
12657,0,1,1,1,0,0,0,20200707,20200827
12658,1,1,1,1,1,0,0,20200608,20200703
12659,0,1,1,1,1,1,1,20200609,20200703
12660,0,0,0,0,0,1,1,20200704,20200830
12661,0,0,0,0,0,1,1,20200704,20200830
12663,1,0,0,0,0,1,0,20200704,20200829
12664,0,0,0,0,1,1,1,20200704,20200905
12665,0,0,0,0,1,0,0,20200710,20200828
12666,1,1,1,1,0,0,0,20200608,20200702
12667,0,0,0,0,0,0,1,20200614,20200628
12668,1,1,1,1,0,0,0,20200831,20200903
12670,0,1,1,1,0,0,0,20200707,20200827
12671,1,1,1,1,0,0,0,20200706,20200827
12672,0,1,1,1,1,0,0,20200707,20200904
12674,0,0,0,0,0,0,1,20200614,20200628
12675,1,0,1,1,1,0,0,20200608,20200904
12676,0,0,0,0,0,0,1,20200614,20200628
12678,1,0,0,0,0,0,0,20200608,20200622
12680,0,0,0,0,1,0,1,20200612,20200703
12681,0,0,0,0,0,0,1,20200726,20200830
12682,0,0,0,0,0,0,1,20200614,20200719
12683,0,0,0,0,1,0,0,20200612,20200703
12685,1,1,1,1,0,0,0,20200831,20200903
12686,0,0,0,0,0,1,0,20200615,20200705
12687,1,1,1,1,1,0,0,20200630,20200904
12688,1,1,1,1,1,0,0,20200831,20200904
4066,1,1,1,1,1,0,1,20200608,20200703
12689,1,0,0,0,0,0,0,20200608,20200629
12690,0,1,1,1,1,0,0,20200609,20200626
12691,0,1,0,0,0,0,1,20200706,20200905
12692,0,0,0,0,1,1,0,20200612,20200703
12693,0,0,0,0,1,1,0,20200904,20200905
12694,1,0,0,0,0,0,0,20200608,20200629
210,0,0,0,0,0,1,0,20200613,20200627
5930,1,1,1,1,0,0,1,20200705,20200719
5928,1,1,1,1,0,0,1,20200720,20200830
12697,1,0,0,0,0,0,0,20200624,20200904
12698,0,0,1,1,1,0,0,20200610,20200619
12699,0,1,0,0,0,0,0,20200609,20200623
12701,1,0,0,0,0,0,0,20200608,20200622
12702,0,0,0,0,1,0,1,20200612,20200703
12704,0,0,0,0,1,1,0,20200613,20200703
12705,0,0,0,0,1,1,0,20200904,20200905
12706,0,0,0,0,0,0,1,20200614,20200719
12707,0,0,0,0,1,0,0,20200612,20200619
12708,0,0,0,0,0,0,1,20200726,20200830
12709,0,0,0,0,0,1,0,20200725,20200829
12710,0,0,0,0,0,1,0,20200704,20200718
12711,0,0,0,0,1,0,0,20200710,20200717
12712,0,0,0,0,1,0,0,20200724,20200828
12713,0,0,0,0,1,1,0,20200612,20200703
12714,1,1,1,1,0,0,1,20200705,20200719
12715,1,1,1,1,0,0,1,20200720,20200830
574,1,1,1,1,0,0,0,20200720,20200827
11274,1,1,1,1,0,0,0,20200706,20200716
12716,0,0,0,0,0,0,1,20200622,20200628
1298,1,1,1,1,1,0,0,20200720,20200828
12717,1,1,1,1,1,0,0,20200831,20200904
12718,1,1,1,1,1,0,0,20200608,20200703
7961,1,1,1,1,1,0,0,20200706,20200717
12720,1,1,1,1,0,0,0,20200608,20200717
12721,0,0,0,0,0,0,1,20200614,20200628
12722,0,0,0,0,1,1,0,20200904,20200905
12723,1,1,1,1,1,0,0,20200720,20200903
12724,1,1,1,1,0,0,0,20200608,20200702
12725,1,1,1,1,0,0,0,20200831,20200903
12728,0,0,0,0,1,0,0,20200612,20200619
12729,0,0,0,0,1,0,0,20200710,20200828
12732,0,0,0,0,0,1,0,20200613,20200620
12733,1,1,1,1,1,1,1,20200622,20200904
7471,0,0,0,0,1,1,0,20200904,20200905
12734,0,1,1,1,0,1,0,20200720,20200829
12735,0,0,0,0,1,0,0,20200612,20200828
12736,1,0,0,0,0,0,0,20200720,20200824
4607,1,1,1,1,0,0,0,20200831,20200903
12738,0,0,0,0,0,1,0,20200613,20200620
12739,0,1,1,1,0,0,0,20200707,20200709
12741,1,1,1,1,1,1,1,20200623,20200830
6835,1,1,1,1,1,0,0,20200831,20200904
12742,0,0,0,0,0,1,1,20200614,20200628
12744,0,0,0,0,0,1,0,20200627,20200905
12745,1,1,1,1,0,0,0,20200831,20200903
12747,1,1,1,1,0,1,0,20200704,20200829
12749,1,1,1,1,1,1,1,20200608,20200830
4479,0,0,0,0,1,0,0,20200619,20200626
12750,1,0,0,0,1,0,0,20200608,20200622
12751,1,1,1,1,1,1,1,20200615,20200903
12753,0,0,0,0,0,1,0,20200613,20200620
12754,0,0,0,0,1,1,0,20200904,20200905
12755,0,0,0,0,1,0,0,20200612,20200619
12756,0,1,1,1,0,0,0,20200609,20200618
4881,1,0,0,0,0,0,0,20200706,20200824
12759,0,1,1,1,1,1,1,20200613,20200905
12760,0,0,0,0,1,0,1,20200705,20200830
12761,1,0,0,0,0,0,0,20200706,20200824
12762,0,0,0,0,1,1,1,20200612,20200703
12763,0,1,1,0,0,0,0,20200609,20200610
7626,0,0,0,0,1,0,0,20200717,20200724
5274,0,0,0,0,1,0,0,20200814,20200828
12764,0,0,0,0,1,0,0,20200710,20200828
12767,1,0,0,0,0,0,0,20200608,20200831
12769,0,0,0,0,1,0,0,20200608,20200903
12770,0,1,1,1,0,0,1,20200609,20200903
12772,1,1,1,1,0,0,0,20200831,20200903
12773,0,0,0,0,0,1,1,20200704,20200830
12774,1,1,1,1,1,1,1,20200608,20200830
12775,1,1,1,1,1,1,1,20200608,20200903
12776,0,0,0,0,0,0,1,20200614,20200621
12778,0,0,0,0,1,1,0,20200904,20200905
12779,0,0,0,0,1,0,0,20200710,20200828
12780,0,0,0,0,1,1,1,20200612,20200703
12781,0,0,0,0,0,0,1,20200705,20200830
12782,0,1,1,1,0,0,0,20200901,20200903
12784,0,1,1,1,0,0,0,20200609,20200625
12785,0,0,0,0,1,0,0,20200626,20200703
12786,0,0,0,0,0,0,1,20200705,20200904
12787,0,0,0,0,0,1,0,20200615,20200705
12788,0,0,0,0,1,0,0,20200609,20200903
1198,0,0,0,0,0,1,0,20200613,20200905
12789,0,0,0,0,1,0,0,20200612,20200619
2869,0,0,0,1,0,0,0,20200611,20200702
12791,0,0,0,0,1,0,0,20200612,20200626
12794,0,0,0,0,0,0,1,20200705,20200830
12798,0,1,1,1,0,0,0,20200707,20200827
12799,1,1,1,1,0,0,0,20200817,20200831
12800,1,0,0,0,1,1,0,20200706,20200831
12801,1,1,1,1,0,0,0,20200608,20200905
12802,0,1,1,1,0,0,0,20200901,20200903
11843,1,1,1,1,0,0,0,20200803,20200827
5790,0,0,0,0,1,0,0,20200612,20200619
11841,1,1,1,1,0,0,0,20200703,20200730
12803,0,1,1,1,0,0,0,20200630,20200702
12804,0,1,1,1,0,0,1,20200609,20200905
12805,0,0,0,0,0,1,0,20200720,20200905
12806,0,0,0,0,1,0,0,20200710,20200828
12807,1,0,0,0,0,0,0,20200608,20200622
12808,0,0,0,0,0,1,0,20200613,20200905
12809,0,0,0,0,0,0,1,20200614,20200628
6740,0,0,0,0,1,1,1,20200612,20200703
12810,0,0,0,0,1,0,0,20200612,20200703
12811,0,0,0,0,0,1,0,20200706,20200903
12814,1,1,1,1,0,0,0,20200612,20200827
12816,0,0,0,0,1,0,0,20200710,20200828
12817,0,1,1,1,0,0,0,20200609,20200618
7253,0,0,0,0,0,1,0,20200613,20200829
12819,0,1,1,1,0,0,0,20200609,20200702
12821,1,1,1,1,0,0,0,20200608,20200611
7403,1,1,1,1,0,0,1,20200608,20200903
12822,1,1,1,1,1,0,1,20200608,20200904
12823,0,0,0,0,1,0,0,20200629,20200903
12824,0,0,0,0,0,1,1,20200613,20200628
12825,1,1,1,1,0,0,0,20200608,20200625
12826,0,0,0,0,0,0,1,20200614,20200628
12827,0,1,1,1,0,0,0,20200623,20200702
12828,1,0,0,0,1,0,0,20200612,20200703
12829,0,0,0,0,1,0,0,20200710,20200828
12832,0,0,0,0,0,0,1,20200614,20200621
12835,1,1,1,1,0,0,0,20200706,20200827
1543,0,0,0,0,0,0,1,20200614,20200830
12836,1,0,0,0,0,0,0,20200608,20200629
12837,1,1,1,1,1,0,0,20200720,20200904
12838,0,0,0,0,0,1,0,20200704,20200829
12839,0,0,0,0,0,1,0,20200706,20200829
12840,1,1,1,1,1,0,0,20200831,20200904
12842,0,0,0,0,0,0,1,20200614,20200628
12843,1,1,1,1,1,0,1,20200706,20200903
12844,0,0,0,0,0,1,1,20200720,20200905
12845,0,0,0,0,0,0,1,20200614,20200830
12848,1,1,1,1,1,0,1,20200705,20200830
12849,0,0,0,0,1,0,0,20200710,20200828
12851,0,1,1,1,1,0,1,20200613,20200830
12852,1,0,0,0,0,0,0,20200720,20200824
12853,0,0,0,0,1,0,0,20200612,20200626
12854,0,1,1,1,0,0,0,20200609,20200625
6063,1,0,0,0,0,0,0,20200608,20200904
12855,1,1,1,1,0,0,0,20200608,20200623
12856,1,1,1,1,1,1,1,20200624,20200830
12857,0,0,0,0,0,0,1,20200705,20200830
12859,1,1,1,1,0,0,0,20200831,20200903
1475,1,1,1,1,0,1,0,20200704,20200829
12860,1,1,1,1,1,1,1,20200704,20200830
12861,0,0,0,0,1,1,0,20200904,20200905
12862,0,0,0,0,1,1,1,20200613,20200703
12863,0,0,0,0,0,0,1,20200622,20200628
12864,0,0,0,0,1,0,0,20200612,20200619
12868,1,0,0,0,1,0,1,20200705,20200830
12870,0,0,0,0,1,0,0,20200703,20200904
12871,0,1,1,1,0,0,0,20200609,20200904
12872,1,1,1,1,0,0,0,20200831,20200903
12876,0,0,0,0,0,1,0,20200615,20200705
12880,1,1,1,1,0,0,0,20200706,20200827
12882,0,0,0,0,1,0,0,20200612,20200626
12883,0,1,1,1,0,0,0,20200707,20200904
12884,0,0,0,0,0,0,1,20200705,20200830
12885,1,1,1,1,1,0,0,20200831,20200904
12886,0,1,1,1,0,0,1,20200614,20200702
12887,0,0,0,0,0,1,0,20200713,20200829
5434,0,0,0,0,0,1,0,20200706,20200829
7223,0,0,0,0,0,1,0,20200713,20200829
12889,1,0,0,0,0,0,0,20200608,20200629
12890,1,1,1,1,1,1,1,20200704,20200830
12891,0,1,1,1,0,0,0,20200901,20200903
3082,0,0,0,0,1,0,0,20200612,20200626
12892,0,0,0,0,1,0,1,20200612,20200703
12894,0,1,1,1,0,0,0,20200901,20200903
12895,1,1,1,1,1,1,0,20200706,20200904
9702,0,0,0,0,0,0,1,20200705,20200830
12896,1,0,0,0,1,0,0,20200608,20200903
12899,0,0,0,0,0,0,1,20200614,20200628
12901,0,0,0,0,1,0,0,20200717,20200828
12902,0,0,0,0,1,0,1,20200612,20200703
12903,0,1,1,1,0,0,0,20200609,20200702
5426,1,1,1,1,1,0,0,20200615,20200705
12904,0,0,0,0,1,0,0,20200608,20200828
12906,0,0,0,0,1,0,0,20200612,20200703
12907,0,1,1,1,0,0,0,20200609,20200702
12908,0,0,0,0,0,0,1,20200706,20200830
12909,0,0,0,0,0,1,1,20200720,20200904
6759,1,0,0,0,0,0,0,20200608,20200824
12910,0,0,0,0,0,1,1,20200614,20200830
12911,1,1,1,1,1,1,1,20200608,20200905
12912,1,1,1,1,0,0,0,20200608,20200611
12913,0,0,0,0,1,0,0,20200612,20200703
12914,0,0,0,0,1,1,0,20200904,20200905
12915,0,1,1,1,0,0,0,20200609,20200625
12916,0,0,0,0,0,0,1,20200614,20200628
12917,1,0,0,0,1,0,0,20200831,20200904
12919,0,1,1,1,0,0,0,20200630,20200903
12920,0,0,0,0,0,1,0,20200613,20200627
12921,0,0,0,0,0,1,0,20200613,20200627
12922,1,1,1,1,1,0,0,20200608,20200904
12924,0,1,0,0,0,1,0,20200613,20200620
8676,0,0,0,0,1,0,0,20200706,20200802
9799,1,1,1,1,0,1,1,20200706,20200904
4596,1,1,1,1,1,1,1,20200608,20200705
8087,1,1,1,1,0,1,0,20200831,20200905
8645,0,0,0,0,0,0,1,20200712,20200830
6301,1,1,1,1,1,1,1,20200706,20200904
8651,0,0,0,0,1,0,0,20200807,20200828
6728,1,0,1,1,1,0,0,20200608,20200705
2843,0,0,0,0,1,0,0,20200710,20200731
8672,1,1,1,1,0,1,1,20200704,20200830
4883,0,0,0,0,0,0,1,20200614,20200705
9287,1,1,1,0,1,1,1,20200608,20200905
2844,0,0,0,0,1,0,0,20200612,20200621
597,1,1,1,1,0,0,0,20200608,20200702
2841,0,0,0,0,0,0,1,20200614,20200628
2840,0,0,0,0,1,0,0,20200807,20200904
1978,1,1,1,1,1,1,1,20200706,20200904
12927,0,0,0,0,1,0,0,20200626,20200703
2173,0,0,0,0,1,0,0,20200612,20200703
12928,1,1,1,1,0,0,0,20200629,20200702
11067,1,0,0,0,0,0,0,20200615,20200622
12929,1,1,1,1,1,1,1,20200803,20200830
4584,0,0,0,0,1,1,1,20200710,20200905
4303,0,0,0,0,1,0,0,20200807,20200904
12930,0,0,0,0,1,1,0,20200904,20200905
5076,0,0,0,0,0,1,1,20200613,20200705
3762,1,1,1,1,1,1,1,20200706,20200830
12931,1,1,1,1,1,1,1,20200608,20200705
3376,1,1,1,1,1,0,0,20200706,20200731
12932,0,0,0,0,0,1,1,20200628,20200705
12933,0,0,0,0,1,1,1,20200612,20200624
9010,1,1,1,1,0,1,0,20200706,20200905
12935,0,0,0,0,0,1,0,20200613,20200627
2915,1,1,1,1,1,1,1,20200608,20200905
1503,0,0,0,0,1,0,0,20200612,20200619
12015,1,1,1,1,1,1,1,20200803,20200905
477,1,1,1,1,1,0,0,20200831,20200904
6169,1,1,0,0,1,1,1,20200626,20200705
4314,0,0,1,1,1,0,0,20200902,20200904
4880,0,1,1,1,0,1,0,20200608,20200905
4312,1,1,0,0,0,0,0,20200831,20200901
4778,0,0,1,1,1,1,0,20200902,20200905
6303,1,0,0,1,1,0,0,20200608,20200705
12936,0,0,0,0,0,1,1,20200613,20200614
819,1,1,1,1,1,0,0,20200706,20200904
4425,0,0,0,0,0,0,1,20200614,20200830
4281,0,0,0,0,0,0,1,20200614,20200705
551,1,1,1,1,1,0,0,20200608,20200703
4777,0,0,1,1,1,1,1,20200610,20200625
4055,0,1,0,0,1,0,0,20200901,20200904
4053,0,1,0,0,1,0,0,20200609,20200703
4879,0,0,0,0,1,0,1,20200710,20200830
4311,0,0,0,0,0,0,1,20200613,20200905
12938,1,1,1,1,1,0,0,20200608,20200703
3144,1,1,1,1,0,0,0,20200608,20200624
11149,1,1,1,1,1,0,0,20200608,20200705
2238,0,0,0,0,0,1,0,20200711,20200829
12940,0,0,0,0,0,0,1,20200614,20200705
6563,1,1,1,1,1,1,1,20200706,20200904
1975,1,1,1,1,1,1,1,20200608,20200705
11151,1,1,1,1,1,1,1,20200706,20200904
1810,0,0,1,1,0,0,0,20200715,20200716
4279,0,0,0,0,0,0,1,20200712,20200830
12941,0,1,1,1,1,1,0,20200901,20200905
12942,1,1,1,1,0,1,1,20200608,20200625
32,0,0,0,0,0,1,1,20200704,20200705
12943,0,0,0,0,1,1,1,20200612,20200626
5075,0,0,0,0,0,1,1,20200711,20200905
7100,1,1,1,1,0,1,1,20200706,20200830
1727,0,0,0,0,0,1,0,20200627,20200829
10622,1,1,1,1,1,0,1,20200626,20200830
9185,0,0,0,0,1,1,0,20200904,20200905
8836,1,1,1,1,0,0,0,20200831,20200903
3142,0,0,0,0,1,1,1,20200612,20200621
12944,1,1,1,1,0,1,1,20200627,20200705
12945,1,1,1,1,1,1,1,20200706,20200831
12946,1,1,1,1,1,0,0,20200608,20200904
12947,0,0,0,0,0,1,0,20200620,20200627
4302,1,1,1,1,1,0,1,20200608,20200619
12948,1,1,0,1,1,0,1,20200621,20200703
12950,0,0,0,0,0,1,0,20200613,20200627
12951,0,0,0,0,0,1,0,20200704,20200905
4247,1,1,1,1,0,0,0,20200715,20200831
4245,0,1,1,1,0,0,0,20200901,20200903
12952,0,0,0,0,0,1,0,20200704,20200905
12953,0,0,0,0,0,1,0,20200613,20200627
12954,0,0,0,0,0,0,1,20200621,20200628
12955,0,0,0,0,0,0,1,20200705,20200830
12957,1,1,1,1,0,0,0,20200615,20200709
12958,0,0,0,0,1,0,0,20200710,20200904
12959,0,0,0,0,1,0,0,20200612,20200703
12960,1,1,1,1,0,0,0,20200608,20200611
12961,0,0,0,0,0,1,0,20200613,20200627
12962,0,0,0,0,0,1,0,20200620,20200627
9579,1,1,1,1,0,0,1,20200621,20200903
12963,0,0,0,0,0,1,0,20200704,20200905
7235,0,0,0,0,0,1,0,20200620,20200905
4499,0,0,0,0,0,0,1,20200614,20200830
12964,0,0,0,0,0,1,0,20200704,20200905
9582,1,1,1,1,0,0,1,20200608,20200618
2953,0,0,0,0,0,1,0,20200613,20200905
3256,1,1,1,1,1,0,0,20200608,20200904
4306,1,1,1,1,1,0,1,20200621,20200802
4244,0,0,0,0,0,0,1,20200621,20200830
4164,1,1,1,1,1,0,0,20200622,20200904
4167,1,1,1,1,1,0,0,20200608,20200619
12965,1,1,1,1,1,1,1,20200608,20200619
6821,1,1,1,1,1,1,1,20200620,20200905
5852,0,0,0,0,1,0,0,20200626,20200904
5117,0,0,0,0,1,0,0,20200612,20200619
12966,0,0,0,0,0,1,0,20200613,20200627
12967,0,0,0,0,0,1,0,20200704,20200905
12968,0,0,0,0,1,0,0,20200626,20200703
12969,0,0,0,0,1,0,0,20200612,20200619
12970,1,1,1,1,0,0,1,20200621,20200702
12971,1,1,1,1,0,0,1,20200608,20200618
12973,1,1,1,1,1,0,1,20200705,20200903
12064,0,1,1,1,0,0,0,20200609,20200618
5318,1,0,0,0,0,0,0,20200608,20200615
12974,0,1,1,1,1,0,0,20200623,20200626
12975,0,0,0,0,1,0,0,20200626,20200703
12976,0,1,1,1,1,0,0,20200616,20200619
12978,1,0,0,0,0,0,0,20200622,20200629
12980,0,0,0,0,1,0,1,20200621,20200628
12981,0,0,0,0,1,0,1,20200612,20200619
12982,1,0,0,0,0,0,0,20200608,20200615
12983,0,0,0,0,0,1,0,20200620,20200627
12984,1,1,1,1,1,0,0,20200608,20200703
12985,1,0,0,0,0,0,0,20200622,20200703
12986,0,1,1,1,0,0,0,20200623,20200702
12987,0,1,1,1,0,0,0,20200825,20200827
12988,0,0,0,0,0,1,0,20200704,20200905
3231,0,0,0,0,0,1,0,20200711,20200713
12070,0,0,0,0,0,0,1,20200823,20200824
12989,1,0,0,0,0,0,0,20200706,20200726
12990,0,0,0,0,0,1,0,20200801,20200905
12991,1,1,1,1,1,0,0,20200706,20200904
12992,1,0,0,0,1,0,1,20200705,20200904
12993,0,1,1,1,0,0,0,20200707,20200903
12994,0,0,0,0,1,0,0,20200710,20200904
12995,1,1,1,1,0,0,1,20200803,20200903
12996,0,0,0,0,0,1,0,20200704,20200905
11063,0,0,0,1,1,0,1,20200611,20200619
12997,0,0,0,1,1,0,1,20200621,20200703
12998,0,0,0,0,0,1,0,20200620,20200627
12999,0,0,0,0,0,1,0,20200704,20200905
13000,0,0,0,1,1,0,1,20200705,20200904
13001,0,1,1,1,1,0,0,20200630,20200703
13002,0,0,0,0,0,1,0,20200713,20200725
13003,0,0,1,1,1,0,0,20200707,20200724
13004,0,0,0,0,1,0,1,20200612,20200703
13005,0,0,0,0,0,1,0,20200613,20200627
13006,0,0,0,0,1,0,1,20200705,20200830
13008,0,0,0,0,0,1,0,20200704,20200905
13009,0,0,0,0,0,1,0,20200613,20200704
13010,1,1,1,1,1,1,0,20200608,20200905
13011,0,0,0,0,1,0,0,20200612,20200703
515,0,0,0,0,0,0,1,20200614,20200621
13012,1,1,1,1,0,0,0,20200608,20200702
13014,1,1,1,1,1,0,1,20200705,20200903
4730,1,1,1,1,0,1,0,20200608,20200905
4240,0,0,0,0,1,0,0,20200612,20200904
13015,1,1,1,1,1,1,0,20200608,20200905
5362,0,0,0,0,0,0,1,20200614,20200830
13016,1,1,1,1,0,1,0,20200608,20200905
4854,1,1,1,1,1,1,1,20200608,20200905
5955,1,1,1,1,1,0,0,20200608,20200904
4859,1,1,1,1,1,0,0,20200713,20200717
3475,1,1,1,1,1,0,0,20200720,20200724
13018,0,0,0,0,0,0,1,20200614,20200628
2175,0,0,0,0,0,1,0,20200613,20200620
13019,0,0,0,0,0,0,1,20200614,20200628
13021,0,0,0,0,0,0,1,20200705,20200830
13022,0,0,0,0,0,0,1,20200705,20200830
13024,0,0,0,0,0,1,0,20200704,20200905
12152,1,1,1,1,1,1,0,20200608,20200905
13025,0,0,0,0,0,1,0,20200613,20200627
13026,0,0,0,0,0,1,0,20200704,20200905
13027,1,0,0,0,1,0,0,20200608,20200703
2060,1,0,0,0,1,0,0,20200831,20200904
13028,1,0,0,0,1,0,0,20200706,20200828
13029,0,0,0,0,0,1,0,20200711,20200801
2413,1,1,1,1,1,0,0,20200706,20200828
13032,1,1,1,1,1,1,0,20200608,20200703
13033,0,0,0,0,0,0,1,20200621,20200628
13035,1,1,1,1,1,1,1,20200608,20200703
13036,1,1,1,1,1,1,1,20200704,20200905
13037,0,0,0,0,0,1,0,20200704,20200802
13038,0,0,0,0,0,0,1,20200712,20200830
13040,0,0,0,0,0,1,0,20200808,20200905
13041,0,0,0,0,0,0,1,20200614,20200628
13042,1,0,0,0,0,1,0,20200608,20200629
13043,0,0,0,0,0,0,1,20200705,20200830
13044,1,0,0,0,0,1,0,20200704,20200905
13045,0,0,0,0,0,0,1,20200614,20200628
13046,0,0,0,0,0,0,1,20200705,20200830
13047,0,0,0,0,0,0,1,20200614,20200628
5219,0,0,0,0,0,1,1,20200803,20200905
13050,1,1,1,1,1,0,0,20200608,20200703
13051,1,1,1,1,1,0,0,20200608,20200703
13052,1,1,1,1,1,0,0,20200608,20200828
13053,1,1,1,1,1,0,0,20200831,20200904
13054,1,1,1,1,1,0,0,20200706,20200904
5566,0,0,0,0,1,0,0,20200710,20200828
13055,1,1,1,1,0,0,0,20200706,20200904
13056,1,1,1,1,1,0,0,20200608,20200703
13058,1,0,0,0,0,0,0,20200608,20200629
520,0,0,0,0,0,1,0,20200613,20200620
13060,0,0,0,0,0,0,1,20200614,20200628
13062,0,0,0,0,0,1,0,20200613,20200627
13064,1,1,1,1,1,0,0,20200608,20200703
13065,0,1,1,1,1,0,0,20200609,20200703
13066,1,1,1,1,1,0,0,20200608,20200703
13068,0,0,0,0,0,1,0,20200613,20200620
13069,1,1,1,1,1,0,0,20200608,20200703
13070,0,0,0,0,0,0,1,20200614,20200628
13071,1,0,1,1,1,0,0,20200608,20200703
13072,0,0,0,0,0,1,0,20200613,20200627
13074,0,1,0,0,0,0,0,20200609,20200630
13075,1,1,1,1,1,0,0,20200608,20200703
13076,0,0,0,0,0,1,0,20200704,20200905
13077,0,0,0,0,0,0,1,20200705,20200830
13078,0,0,0,0,0,0,1,20200705,20200830
13079,0,0,0,0,0,0,1,20200705,20200830
13080,0,0,0,0,0,1,0,20200704,20200905
13081,0,0,0,0,0,1,0,20200704,20200905
13082,1,1,1,1,1,0,0,20200706,20200904
13084,1,1,1,1,1,0,0,20200706,20200904
13085,0,0,0,0,0,0,1,20200705,20200830
13086,1,1,1,1,1,0,0,20200706,20200904
13087,1,1,1,1,1,0,0,20200831,20200904
13088,1,1,1,1,1,0,0,20200706,20200904
13089,1,1,1,1,1,0,0,20200706,20200807
13090,0,0,0,0,0,0,1,20200705,20200830
13091,0,0,0,0,0,1,0,20200704,20200905
3065,1,1,1,1,1,0,0,20200810,20200904
5349,0,0,0,0,0,0,1,20200614,20200621
5350,0,0,0,0,0,0,1,20200628,20200830
3665,1,1,1,1,0,0,0,20200727,20200820
13092,0,0,0,0,1,0,0,20200626,20200703
13093,0,0,0,0,0,1,0,20200613,20200627
13094,0,0,0,0,1,0,0,20200612,20200703
13095,0,0,0,0,0,1,0,20200704,20200905
13097,0,0,0,0,1,0,0,20200710,20200828
13098,0,0,0,0,0,1,0,20200613,20200627
13099,1,1,1,1,1,0,0,20200608,20200904
5140,0,0,0,0,0,1,0,20200822,20200829
5256,0,0,0,0,0,1,0,20200704,20200725
13103,0,0,0,0,0,1,0,20200613,20200829
13104,0,0,0,0,1,0,0,20200731,20200904
13105,1,1,1,1,0,0,0,20200615,20200618
13106,1,1,1,1,0,0,0,20200622,20200625
13108,0,1,1,1,1,0,0,20200609,20200612
13109,1,1,1,1,0,0,0,20200629,20200702
13114,1,1,1,1,0,0,0,20200727,20200903
13115,1,0,1,1,0,0,0,20200713,20200716
13116,1,1,1,1,0,0,0,20200706,20200709
13117,1,1,1,1,0,0,0,20200720,20200723
13119,1,1,1,0,1,1,0,20200622,20200703
13120,0,0,0,0,0,1,0,20200620,20200627
3663,0,0,0,0,0,1,0,20200620,20200905
475,1,1,1,1,1,0,0,20200629,20200703
13122,0,0,0,0,0,0,1,20200621,20200628
152,1,1,1,1,1,0,0,20200615,20200626
13123,1,1,1,1,1,0,0,20200622,20200703
13124,1,0,1,1,1,0,0,20200608,20200619
9306,1,1,1,1,1,0,0,20200608,20200619
906,1,1,1,1,1,0,0,20200608,20200619
13125,1,1,1,1,1,0,0,20200622,20200703
13126,0,0,0,0,0,0,1,20200621,20200628
13127,1,1,1,1,1,1,0,20200706,20200905
473,1,1,1,1,1,0,0,20200706,20200828
13128,1,1,1,1,1,0,0,20200831,20200904
13129,1,1,1,1,1,0,0,20200706,20200904
13130,0,0,0,0,0,0,1,20200705,20200830
13131,0,0,0,0,0,1,0,20200704,20200905
13132,0,0,0,0,0,0,1,20200705,20200830
13133,0,0,0,0,0,1,0,20200704,20200711
13134,1,1,1,1,1,0,0,20200831,20200904
5181,1,0,1,1,1,0,0,20200713,20200717
13135,1,1,1,1,1,0,0,20200810,20200828
7264,1,1,1,1,1,0,0,20200727,20200807
13136,1,1,1,1,1,0,0,20200831,20200904
13137,1,1,1,1,1,0,0,20200622,20200703
13139,1,1,1,1,1,0,0,20200608,20200703
13140,0,0,0,0,0,0,1,20200712,20200816
13141,0,0,0,0,0,0,1,20200621,20200628
13144,1,1,1,1,1,0,0,20200622,20200703
13145,1,1,1,1,1,0,0,20200622,20200703
13146,0,0,0,0,0,1,0,20200620,20200627
13147,0,0,0,0,0,0,1,20200621,20200705
13149,0,0,0,0,0,1,0,20200613,20200620
13150,1,1,1,1,1,0,0,20200608,20200705
13152,0,0,0,0,0,1,0,20200620,20200627
13155,0,0,0,0,0,0,1,20200705,20200830
13156,1,1,1,1,0,0,0,20200831,20200903
13158,1,1,1,1,1,0,0,20200706,20200904
13159,0,0,0,0,0,1,0,20200704,20200905
13160,0,0,0,0,0,0,1,20200705,20200802
7268,1,1,1,1,1,0,0,20200810,20200904
13161,1,1,1,1,1,0,0,20200706,20200828
13162,0,0,0,0,0,1,0,20200704,20200829
13163,1,1,1,1,1,0,0,20200831,20200904
13164,1,1,1,1,1,0,0,20200831,20200904
13165,0,0,0,0,0,1,0,20200711,20200802
13166,1,1,1,1,1,0,0,20200706,20200904
13167,0,0,0,0,0,1,0,20200704,20200802
3660,0,0,0,0,0,0,1,20200816,20200830
13169,0,0,0,0,0,0,1,20200705,20200830
13170,0,0,0,0,0,0,1,20200712,20200823
1566,0,0,0,0,0,0,1,20200628,20200830
8787,0,0,0,0,0,1,0,20200704,20200726
1195,0,0,0,0,0,1,0,20200613,20200620
2138,1,1,1,1,0,0,0,20200629,20200702
13173,0,0,0,0,0,1,0,20200620,20200627
13174,0,0,0,0,1,0,0,20200612,20200703
13176,0,0,0,0,0,1,0,20200620,20200627
13178,0,0,0,0,0,0,1,20200621,20200628
13179,1,1,1,1,0,0,0,20200831,20200903
13180,0,0,0,0,1,0,0,20200710,20200904
13181,0,0,0,0,0,0,1,20200705,20200726
13182,0,0,0,0,0,1,0,20200704,20200802
13183,1,0,1,1,0,0,0,20200706,20200726
13185,0,0,0,0,0,0,1,20200712,20200802
13186,1,1,1,1,0,0,0,20200727,20200820
13190,0,0,0,0,0,1,0,20200704,20200802
5257,0,0,0,0,0,0,1,20200823,20200830
2584,0,1,1,1,1,0,0,20200715,20200724
2582,0,1,1,1,1,0,0,20200630,20200710
13191,1,0,0,0,0,0,0,20200608,20200904
2580,0,1,1,1,1,0,0,20200609,20200626
13192,0,0,0,0,0,0,1,20200705,20200830
13194,1,1,1,1,1,0,0,20200608,20200702
5816,0,0,0,0,0,1,0,20200627,20200905
13195,1,1,1,1,1,0,0,20200622,20200703
13196,0,0,0,0,0,0,1,20200714,20200823
13197,0,0,0,0,0,0,1,20200628,20200830
5260,0,0,0,0,0,0,1,20200628,20200726
13199,0,0,0,0,0,0,1,20200628,20200726
1529,1,1,1,1,0,0,0,20200706,20200726
13200,0,0,0,0,0,0,1,20200705,20200830
13204,0,0,0,0,0,1,0,20200704,20200905
13205,1,1,1,1,1,0,0,20200608,20200619
13206,1,1,1,1,1,0,0,20200703,20200828
13207,1,1,1,1,1,1,0,20200627,20200905
13208,0,0,0,0,1,0,0,20200612,20200904
13209,1,1,1,1,1,0,0,20200622,20200726
13210,1,1,1,1,1,0,0,20200727,20200821
13211,1,1,1,1,1,0,0,20200831,20200904
292,1,1,1,1,1,0,0,20200608,20200904
5234,0,0,0,0,0,1,0,20200627,20200905
5203,0,0,0,0,0,1,0,20200627,20200905
1014,0,0,0,0,0,0,1,20200628,20200830
10138,1,1,1,1,1,0,0,20200608,20200904
1217,1,1,1,1,1,0,0,20200608,20200904
8739,0,0,0,0,1,0,0,20200626,20200828
8740,1,1,1,1,0,0,0,20200608,20200726
2793,0,0,0,0,0,0,1,20200628,20200830
5266,0,0,0,0,0,1,0,20200627,20200905
5175,0,0,0,0,0,0,1,20200628,20200830
2685,1,1,1,1,1,1,1,20200713,20200802
9265,1,1,1,1,1,1,1,20200608,20200905
1539,0,0,0,0,0,1,0,20200613,20200905
7950,1,1,1,1,1,1,0,20200608,20200905
7947,1,1,1,1,1,1,0,20200718,20200801
1299,1,0,0,0,0,1,0,20200713,20200801
13213,0,0,0,0,0,1,0,20200704,20200829
1928,1,1,1,1,1,0,0,20200608,20200904
1341,1,1,1,1,1,0,0,20200715,20200731
13214,0,0,0,0,1,0,0,20200612,20200904
8218,0,0,0,0,0,1,0,20200613,20200905
13215,0,0,0,0,0,0,1,20200614,20200628
6086,0,0,0,0,0,0,1,20200614,20200830
10582,1,1,1,1,1,0,1,20200608,20200904
13216,1,1,1,1,1,0,1,20200706,20200816
13217,1,1,1,1,0,0,0,20200831,20200903
13218,0,0,0,0,1,1,0,20200904,20200905
7173,1,1,1,1,0,0,0,20200803,20200806
13219,0,0,0,0,0,1,0,20200612,20200829
2055,0,1,1,1,0,0,1,20200609,20200830
2059,0,0,0,0,0,1,0,20200613,20200829
13220,0,1,1,1,0,0,0,20200901,20200903
13221,0,0,0,0,0,1,0,20200801,20200822
2056,0,0,0,0,0,1,0,20200613,20200627
2049,1,0,0,0,1,0,0,20200608,20200828
13223,0,1,1,1,0,1,0,20200901,20200905
3369,0,0,0,0,1,0,0,20200626,20200703
5337,1,1,1,1,0,1,1,20200704,20200830
4059,0,0,0,0,1,0,0,20200612,20200619
5333,1,1,1,1,0,1,1,20200608,20200618
13224,0,0,0,0,0,1,0,20200704,20200829
13225,0,0,0,0,0,1,0,20200613,20200627
13226,1,1,1,1,1,0,0,20200608,20200619
930,1,1,1,1,1,0,0,20200622,20200828
5329,0,1,1,1,1,1,0,20200623,20200627
13227,1,1,1,1,1,0,0,20200831,20200904
13228,0,0,0,0,0,0,1,20200705,20200830
8306,0,1,1,1,1,1,0,20200609,20200613
932,0,0,0,0,0,1,0,20200620,20200829
927,0,0,0,0,0,0,1,20200621,20200830
13230,0,1,0,0,0,0,0,20200728,20200818
13231,0,0,0,0,0,0,1,20200621,20200628
212,0,1,1,1,1,1,0,20200616,20200620
13232,1,0,1,1,1,1,0,20200727,20200905
13233,1,0,0,0,0,0,0,20200608,20200615
13234,0,0,0,0,1,0,0,20200731,20200821
5315,1,0,0,0,0,0,0,20200622,20200629
13236,0,0,0,0,1,0,0,20200612,20200619
13237,0,1,1,1,0,0,0,20200720,20200827
553,1,0,0,0,0,0,0,20200608,20200615
6075,0,0,0,0,1,0,0,20200710,20200828
13238,0,1,1,1,0,0,0,20200901,20200903
13240,0,0,0,0,1,0,0,20200612,20200703
13241,0,1,0,0,0,0,0,20200720,20200825
5374,1,1,1,1,0,1,0,20200831,20200905
13243,1,0,1,1,0,1,1,20200704,20200830
13244,0,0,0,0,1,0,0,20200710,20200904
13245,0,1,1,1,0,0,0,20200609,20200618
13246,0,0,0,0,1,0,0,20200626,20200703
13247,0,0,0,0,0,1,0,20200704,20200829
28,0,0,0,0,0,1,1,20200620,20200621
8371,0,0,0,0,1,1,1,20200714,20200823
13248,1,1,1,1,1,1,0,20200831,20200905
8367,1,1,1,1,1,1,1,20200622,20200628
8368,1,1,1,1,0,0,0,20200727,20200828
8366,1,1,1,1,1,0,0,20200608,20200619
579,0,0,0,0,0,1,1,20200613,20200614
8311,0,1,1,1,1,1,0,20200630,20200725
4519,1,1,1,1,1,1,1,20200608,20200830
13250,1,1,1,1,1,1,0,20200831,20200905
13251,1,1,1,1,1,1,0,20200831,20200905
5346,1,1,1,1,1,0,1,20200608,20200830
5347,0,0,0,0,0,1,0,20200613,20200829
13252,1,0,0,0,0,1,0,20200720,20200829
13254,1,1,1,1,1,0,0,20200831,20200904
13255,0,1,1,1,1,0,1,20200706,20200830
13256,1,1,1,1,1,1,0,20200831,20200905
13257,1,1,1,1,1,1,0,20200608,20200703
13258,1,1,1,1,1,1,0,20200704,20200829
13259,1,1,1,1,1,1,0,20200831,20200905
13260,0,0,0,0,0,0,1,20200705,20200830
13261,0,0,0,0,0,0,1,20200614,20200628
13262,0,1,1,0,0,0,0,20200707,20200826
13263,1,0,0,1,0,0,0,20200706,20200827
3506,1,1,1,1,1,1,0,20200831,20200905
13264,1,1,1,1,1,1,1,20200608,20200703
3460,1,1,1,1,1,1,1,20200704,20200830
13265,1,1,1,1,1,1,1,20200608,20200905
7121,0,0,0,0,0,0,1,20200614,20200628
5745,0,0,0,0,0,0,1,20200621,20200628
13269,1,1,1,1,1,0,0,20200803,20200904
7711,0,0,0,0,1,0,0,20200626,20200703
1456,0,0,0,0,0,0,1,20200714,20200802
1457,0,0,0,0,0,0,1,20200614,20200830
9242,0,0,0,0,0,0,1,20200614,20200628
13273,1,1,1,1,1,0,0,20200803,20200904
5199,1,1,1,1,1,0,0,20200713,20200731
1327,0,0,0,0,0,1,0,20200718,20200801
5201,0,0,0,0,0,1,0,20200613,20200905
13274,1,1,1,1,1,0,0,20200608,20200904
3316,1,1,1,1,1,0,1,20200714,20200802
2606,1,1,1,1,1,0,0,20200803,20200828
13275,1,1,1,1,0,0,0,20200608,20200903
12082,0,0,0,0,0,0,1,20200803,20200816
4760,0,0,0,0,1,0,0,20200612,20200904
13276,1,0,0,0,0,0,0,20200622,20200706
7376,0,0,0,0,1,0,0,20200612,20200904
7378,1,1,1,1,0,0,0,20200713,20200730
13278,1,1,1,1,1,0,1,20200803,20200816
13279,1,1,1,1,0,1,1,20200803,20200816
13280,0,1,1,1,1,0,0,20200803,20200904
13281,1,0,0,0,0,0,0,20200720,20200824
7684,0,1,1,1,1,0,0,20200715,20200731
10856,0,0,0,0,0,0,1,20200614,20200830
7891,1,1,1,1,1,0,0,20200803,20200828
7362,0,0,0,0,1,1,1,20200704,20200830
13287,1,1,1,1,1,1,1,20200608,20200703
13288,1,1,1,1,1,1,1,20200704,20200905
13290,0,0,0,0,1,1,0,20200904,20200905
13291,1,1,1,1,1,0,0,20200615,20200626
8151,0,0,0,0,0,1,1,20200621,20200628
13292,1,1,1,1,1,1,1,20200704,20200830
9186,1,1,1,0,0,0,0,20200608,20200610
7982,0,0,0,1,1,0,0,20200611,20200612
8214,1,0,0,0,0,1,0,20200608,20200613
4950,1,1,1,1,1,1,1,20200615,20200830
1407,1,0,0,0,1,0,1,20200705,20200830
6490,1,1,1,1,1,1,0,20200608,20200613
7120,1,0,0,0,0,1,1,20200704,20200830
9801,0,0,0,0,0,0,1,20200614,20200628
13297,0,0,0,0,0,0,1,20200621,20200628
13298,1,1,1,1,1,1,1,20200704,20200905
13299,1,1,1,1,1,1,1,20200608,20200703
1253,0,1,1,0,0,0,0,20200630,20200701
13301,0,0,0,0,1,0,0,20200626,20200828
2924,1,1,1,1,1,1,1,20200608,20200905
13302,1,1,1,1,1,1,0,20200608,20200703
1469,0,0,0,0,1,0,0,20200612,20200828
4886,1,1,1,1,1,1,1,20200608,20200905
13303,1,1,1,1,1,1,1,20200704,20200905
13304,1,1,1,1,1,1,1,20200704,20200905
13306,1,1,1,1,1,1,1,20200608,20200703
5801,0,0,0,0,0,0,1,20200614,20200628
3909,1,1,1,1,1,1,1,20200706,20200830
4985,1,1,1,1,1,1,1,20200608,20200905
13308,1,1,1,1,1,1,1,20200608,20200712
13309,1,1,1,1,1,1,1,20200803,20200905
3566,0,0,0,0,0,0,1,20200614,20200628
6624,0,0,0,0,0,0,1,20200803,20200905
13311,0,0,0,0,0,0,1,20200809,20200904
10701,0,0,0,0,0,0,1,20200614,20200628
13312,0,0,0,0,1,0,1,20200612,20200712
6282,0,0,0,0,0,1,0,20200620,20200905
13313,0,0,0,0,0,0,1,20200809,20200830
4994,1,1,1,1,1,1,0,20200713,20200801
7668,0,0,0,0,0,1,0,20200803,20200829
3594,0,0,0,0,0,0,1,20200614,20200628
13316,0,0,0,0,0,0,1,20200614,20200712
13317,1,1,1,1,1,0,0,20200608,20200904
13318,0,0,0,0,1,0,0,20200803,20200904
13319,0,0,0,0,0,0,1,20200705,20200830
13320,1,1,1,1,1,1,0,20200608,20200905
6420,0,0,0,0,0,0,1,20200614,20200830
13322,1,1,1,1,1,0,0,20200803,20200904
1459,0,0,0,0,0,0,1,20200614,20200628
13323,1,1,1,1,1,0,0,20200608,20200904
8878,0,0,0,0,0,1,0,20200613,20200905
6182,0,0,0,0,0,0,1,20200614,20200830
13325,1,1,1,1,1,0,0,20200608,20200904
13326,0,0,0,0,0,0,1,20200705,20200830
13327,0,0,0,0,0,1,0,20200613,20200905
13328,0,0,0,0,0,1,0,20200613,20200627
13329,0,0,0,0,0,0,1,20200614,20200628
13331,0,0,0,0,0,1,0,20200613,20200905
13332,0,0,0,0,0,0,1,20200705,20200830
13333,0,0,0,0,0,0,1,20200614,20200628
13334,1,1,1,1,1,0,0,20200608,20200904
3565,0,0,0,0,0,0,1,20200614,20200830
13335,1,1,1,1,1,0,0,20200608,20200904
13336,1,1,1,1,1,1,1,20200704,20200830
13337,1,1,1,1,1,0,0,20200615,20200703
13338,1,1,1,1,1,0,0,20200608,20200904
13339,0,0,0,0,1,0,0,20200612,20200904
13340,0,0,0,0,0,0,1,20200614,20200628
3620,0,0,0,0,1,0,0,20200724,20200731
13341,1,1,1,1,1,0,0,20200615,20200626
3621,0,0,0,0,1,0,0,20200612,20200904
8021,1,1,1,1,1,1,0,20200713,20200801
8125,0,0,0,0,1,0,1,20200612,20200904
8023,1,1,1,1,1,1,0,20200803,20200829
13342,1,1,1,1,1,0,1,20200803,20200903
8076,1,1,1,1,0,1,0,20200713,20200801
13343,1,1,1,1,0,1,0,20200608,20200905
8031,0,0,0,0,0,0,1,20200614,20200830
13345,1,1,1,1,1,1,0,20200608,20200905
13346,0,0,0,0,0,0,1,20200726,20200802
8123,0,0,0,0,1,0,1,20200714,20200802
8209,1,1,1,1,0,1,0,20200713,20200801
13347,1,1,1,1,0,1,0,20200803,20200903
4899,0,0,0,0,0,0,1,20200803,20200830
13348,1,1,1,1,1,0,0,20200803,20200905
1538,0,0,0,0,0,1,0,20200613,20200905
13351,1,1,1,1,1,0,0,20200608,20200904
13352,0,0,0,0,0,0,1,20200614,20200628
5591,1,1,1,1,0,1,1,20200713,20200802
13354,0,0,0,0,1,0,1,20200615,20200705
5704,0,0,0,0,1,0,0,20200807,20200821
13355,1,1,1,1,0,1,1,20200608,20200905
13357,1,1,1,1,1,1,0,20200608,20200905
13358,0,0,0,0,0,0,1,20200614,20200628
226,1,1,1,1,1,0,0,20200608,20200626
13359,0,0,0,0,1,0,1,20200803,20200904
7180,0,0,0,0,0,0,1,20200614,20200830
13361,0,0,0,0,0,1,0,20200725,20200801
13362,1,1,1,1,0,1,0,20200608,20200905
13363,1,1,1,1,1,0,0,20200608,20200903
13364,1,1,1,1,1,0,0,20200803,20200903
13365,1,1,1,1,1,0,0,20200608,20200904
916,0,0,0,0,0,1,0,20200711,20200718
7874,0,0,0,0,0,1,0,20200613,20200905
13368,1,1,1,1,1,0,0,20200608,20200904
1343,1,1,1,1,1,0,0,20200803,20200828
13370,0,0,0,0,0,0,1,20200726,20200802
6943,0,0,0,0,0,1,0,20200803,20200829
13372,0,0,0,0,0,0,1,20200614,20200628
13374,1,1,1,1,1,0,0,20200608,20200904
13375,0,0,0,0,0,1,0,20200613,20200627
9684,0,0,0,0,0,1,1,20200713,20200802
13376,0,0,0,0,0,1,1,20200613,20200905
13378,1,1,1,1,1,0,0,20200831,20200904
673,0,0,0,0,0,1,1,20200711,20200712
13379,1,0,1,1,1,0,0,20200608,20200612
3186,0,0,0,0,0,1,1,20200718,20200719
13380,0,0,0,0,0,0,1,20200614,20200628
13381,0,0,0,0,0,0,1,20200705,20200830
13382,1,1,1,1,1,0,1,20200608,20200904
13383,0,0,0,0,0,1,0,20200706,20200905
13385,1,1,1,1,1,0,0,20200608,20200904
13386,1,1,1,1,1,0,0,20200608,20200904
5235,1,0,0,0,0,0,0,20200727,20200802
6358,0,0,0,0,0,0,1,20200614,20200830
13387,1,1,1,1,1,0,0,20200608,20200904
13388,1,1,1,1,1,0,1,20200728,20200821
13389,1,1,1,1,1,0,0,20200608,20200904
2203,0,0,0,0,1,0,0,20200612,20200703
9244,1,1,1,1,1,1,1,20200608,20200905
442,1,1,1,1,1,0,0,20200727,20200821
7419,0,0,0,0,0,0,1,20200622,20200726
13392,0,0,0,0,0,1,0,20200613,20200905
13393,1,1,1,1,1,0,0,20200727,20200821
13394,1,1,1,1,1,1,0,20200629,20200726
13395,0,0,0,0,1,1,0,20200629,20200905
13396,0,0,0,0,1,0,1,20200622,20200904
13397,1,1,1,1,1,0,1,20200608,20200816
13399,1,1,1,1,1,1,1,20200608,20200905
5402,0,0,0,0,1,0,0,20200727,20200816
13401,1,1,1,1,1,0,0,20200608,20200904
5096,0,0,0,0,0,1,0,20200613,20200905
9297,0,0,0,0,0,0,1,20200622,20200628
13402,0,0,0,0,0,0,1,20200802,20200816
7139,1,1,1,1,1,0,1,20200608,20200619
13403,0,1,1,1,0,0,0,20200609,20200702
13404,0,0,0,0,0,0,1,20200614,20200705
7659,0,0,0,0,0,1,1,20200627,20200726
13405,1,1,1,1,1,0,0,20200608,20200904
13406,1,1,1,1,1,0,0,20200622,20200904
13407,1,1,1,1,1,0,0,20200727,20200821
13408,0,0,0,0,0,1,0,20200613,20200905
5125,1,1,1,1,1,1,0,20200608,20200620
5126,1,1,1,1,1,1,0,20200622,20200905
9317,0,0,0,0,1,0,1,20200612,20200619
13409,1,0,0,0,0,0,0,20200608,20200831
5577,0,0,0,0,0,1,1,20200613,20200614
9316,0,0,0,0,1,0,1,20200621,20200703
13410,1,0,0,0,0,0,0,20200608,20200629
1047,1,1,1,1,1,1,1,20200608,20200619
13412,1,0,0,0,1,0,0,20200727,20200821
13413,1,1,1,1,1,1,1,20200608,20200905
13414,0,0,0,0,0,1,1,20200706,20200726
8658,0,1,1,1,1,1,1,20200609,20200621
1143,1,1,1,1,1,0,0,20200824,20200828
13416,0,0,0,0,0,1,0,20200801,20200822
13417,1,1,1,1,1,0,0,20200622,20200905
13418,1,1,1,1,1,0,0,20200622,20200904
13419,0,0,0,0,0,1,0,20200801,20200822
13420,1,1,1,1,1,0,0,20200622,20200904
13421,1,1,1,1,1,0,0,20200622,20200726
13422,1,1,1,1,1,0,1,20200608,20200705
13423,0,0,0,0,0,0,1,20200628,20200830
13424,0,0,0,0,1,0,0,20200612,20200904
5090,0,0,0,0,0,0,1,20200622,20200628
13425,0,0,0,0,0,1,0,20200801,20200822
13426,1,1,1,1,1,1,0,20200608,20200726
13427,1,1,1,1,1,0,0,20200622,20200904
13428,1,1,1,1,1,0,0,20200831,20200904
13429,1,1,1,1,0,0,0,20200608,20200625
3085,0,0,0,0,0,1,0,20200704,20200829
3088,0,0,0,0,0,0,1,20200705,20200830
11211,1,1,1,1,1,0,0,20200706,20200828
7642,1,1,1,1,1,0,1,20200705,20200830
7773,1,1,1,1,1,1,1,20200608,20200628
13431,0,0,0,0,0,1,0,20200718,20200829
13432,1,1,1,1,1,0,0,20200831,20200904
13435,0,0,0,0,0,0,1,20200614,20200628
13438,1,1,1,1,1,0,1,20200704,20200830
5842,1,1,1,1,1,1,0,20200831,20200905
8882,0,0,0,0,0,1,1,20200711,20200712
7708,1,1,1,1,1,1,0,20200831,20200905
7701,1,1,1,1,1,1,1,20200608,20200830
144,1,1,1,1,1,1,1,20200608,20200703
6090,0,1,1,1,1,0,0,20200609,20200619
13439,0,0,0,0,0,0,1,20200705,20200830
13442,0,0,0,0,0,0,1,20200614,20200628
6069,0,1,1,1,1,0,0,20200901,20200904
13443,1,1,1,1,0,1,0,20200831,20200905
13444,1,1,1,1,1,1,1,20200608,20200705
3462,1,1,1,1,1,1,1,20200704,20200830
6081,0,1,1,1,0,0,0,20200623,20200712
13445,1,1,1,1,1,0,0,20200831,20200904
9550,1,1,1,1,1,0,1,20200608,20200628
13447,0,0,0,0,0,1,0,20200704,20200905
13448,0,0,0,0,0,1,0,20200613,20200627
13449,0,0,0,0,0,0,1,20200614,20200628
13450,0,0,0,0,0,0,1,20200614,20200628
13451,1,1,1,1,1,0,0,20200608,20200703
13452,0,0,0,0,0,1,0,20200704,20200905
13453,1,1,1,1,1,0,0,20200706,20200807
13454,0,0,0,0,0,0,1,20200705,20200830
13455,0,0,0,0,0,0,1,20200705,20200830
4742,1,1,1,1,1,0,0,20200608,20200904
4929,0,0,0,0,1,0,1,20200612,20200703
5088,0,0,0,0,0,0,1,20200614,20200823
4694,1,0,0,0,0,0,0,20200608,20200831
7316,0,0,0,0,0,1,1,20200613,20200905
4693,0,1,1,1,1,0,0,20200609,20200904
3921,0,0,0,0,1,0,1,20200612,20200904
7286,0,0,0,0,1,0,1,20200619,20200703
4018,0,0,0,0,0,0,1,20200614,20200830
2245,0,0,0,0,1,0,1,20200612,20200904
3951,0,0,0,0,1,0,1,20200612,20200614
2236,0,1,1,0,0,0,0,20200707,20200708
2241,1,1,1,1,0,0,0,20200608,20200905
9354,1,1,1,1,0,1,0,20200720,20200905
9358,0,1,1,0,0,0,0,20200630,20200701
6395,0,0,0,0,1,0,1,20200612,20200904
4720,1,1,1,1,0,0,0,20200608,20200903
13456,0,0,0,0,1,0,1,20200612,20200904
6399,1,1,1,1,0,1,0,20200608,20200905
7594,0,0,0,0,1,0,1,20200612,20200614
3793,1,1,1,1,1,1,1,20200608,20200905
2956,1,1,1,1,1,0,0,20200608,20200904
5023,0,0,0,0,0,0,1,20200614,20200830
5026,0,0,0,0,0,1,0,20200613,20200905
7573,1,0,0,0,0,1,0,20200608,20200905
7598,0,1,1,1,0,1,0,20200609,20200613
13457,0,0,0,0,1,0,1,20200612,20200904
5438,0,1,1,1,1,0,0,20200609,20200703
3936,0,0,0,0,1,0,1,20200619,20200703
3939,1,1,1,1,0,1,0,20200608,20200613
5439,1,0,0,0,0,0,0,20200608,20200629
9604,0,0,1,1,1,0,0,20200803,20200823
4679,0,0,0,0,0,1,1,20200608,20200905
9753,0,0,0,0,1,0,1,20200612,20200614
11213,0,0,0,0,0,1,1,20200613,20200905
2290,1,1,1,1,1,1,1,20200608,20200905
9603,1,1,1,1,1,0,0,20200803,20200818
6209,1,1,1,1,1,1,1,20200608,20200905
12119,0,0,0,0,0,1,0,20200713,20200809
9295,1,1,1,1,0,0,0,20200608,20200827
9293,0,0,0,0,1,0,1,20200612,20200830
8014,1,0,0,0,0,1,0,20200608,20200718
4413,0,0,0,0,0,0,1,20200614,20200830
4647,0,0,0,1,0,0,0,20200611,20200702
4644,1,1,1,0,1,1,0,20200608,20200720
4640,1,0,0,0,0,0,0,20200727,20200905
10821,1,1,1,1,0,0,0,20200608,20200905
9756,1,1,1,1,0,1,0,20200615,20200702
8920,0,0,0,0,0,1,1,20200704,20200830
61,0,0,0,0,0,1,1,20200815,20200816
3732,1,1,1,1,0,1,0,20200608,20200905
6676,0,0,0,0,1,0,0,20200612,20200904
12113,1,1,1,1,0,0,0,20200720,20200809
13458,1,1,1,1,1,1,1,20200704,20200905
13459,1,1,1,0,1,1,0,20200608,20200722
4804,0,0,0,1,0,0,0,20200730,20200903
13460,1,1,1,1,0,1,0,20200704,20200723
10248,0,1,0,0,1,0,1,20200705,20200719
13461,0,0,0,0,0,1,1,20200613,20200705
13462,0,0,0,0,1,0,0,20200619,20200703
13463,1,1,1,1,1,0,0,20200608,20200703
13464,1,1,1,1,0,1,0,20200615,20200702
5052,1,1,1,1,1,1,1,20200724,20200905
4808,1,1,1,0,1,1,0,20200724,20200905
13465,0,0,0,1,0,0,0,20200611,20200723
10250,0,0,0,0,1,0,1,20200724,20200830
10257,1,1,1,1,0,1,0,20200725,20200905
13467,0,0,0,0,1,0,1,20200612,20200703
13468,1,1,1,1,0,1,0,20200608,20200702
13469,0,1,1,1,0,0,0,20200609,20200611
5606,1,0,1,0,0,0,0,20200629,20200701
64,0,0,0,0,1,0,0,20200612,20200619
1359,0,0,0,0,0,1,0,20200801,20200822
5920,1,1,1,1,0,0,0,20200609,20200618
5196,1,1,1,1,0,0,0,20200622,20200625
8929,1,0,1,0,0,0,0,20200625,20200701
13471,1,1,1,1,0,0,0,20200706,20200903
7276,0,0,0,0,1,1,0,20200612,20200613
13472,1,1,0,0,0,0,0,20200713,20200714
13473,0,0,0,0,0,1,1,20200704,20200705
13474,1,1,1,1,0,0,0,20200622,20200903
13475,0,0,0,0,1,1,1,20200710,20200905
6603,0,0,1,1,0,0,0,20200610,20200611
3230,1,1,0,0,0,0,0,20200608,20200609
6184,0,0,0,0,1,1,1,20200620,20200905
6191,0,0,0,0,1,1,1,20200612,20200619
4580,1,1,1,1,0,0,0,20200608,20200618
13476,0,0,0,0,0,0,1,20200614,20200619
13477,1,1,1,1,0,0,0,20200615,20200702
13478,0,0,0,0,1,1,1,20200620,20200703
13479,0,0,0,0,0,1,0,20200620,20200627
13480,1,1,1,1,1,0,0,20200622,20200703
13481,0,0,0,0,0,0,1,20200621,20200628
13482,0,0,0,0,0,1,0,20200704,20200829
13483,1,1,1,1,1,0,0,20200706,20200828
13484,0,0,0,0,0,0,1,20200705,20200830
13485,1,1,1,1,1,0,0,20200831,20200904
8063,1,1,1,1,1,1,1,20200608,20200830
8294,0,0,0,0,0,1,1,20200711,20200713
13486,1,1,1,1,1,1,0,20200831,20200905
13487,1,1,1,1,1,1,1,20200608,20200905
13488,0,0,0,0,0,0,1,20200712,20200830
13489,0,0,0,0,0,0,1,20200614,20200705
6018,0,0,1,1,1,0,0,20200610,20200612
13490,1,0,0,0,0,0,0,20200608,20200831
13491,0,1,1,1,1,1,0,20200720,20200905
1527,1,1,1,1,0,0,0,20200831,20200903
13493,0,0,0,0,0,1,1,20200613,20200830
10918,0,0,0,0,0,1,1,20200718,20200802
8053,1,1,1,1,0,0,0,20200803,20200903
5878,1,1,0,0,0,0,0,20200713,20200714
8055,1,1,1,1,0,0,0,20200622,20200709
8056,0,0,0,0,0,1,1,20200718,20200726
2212,1,1,1,1,1,0,0,20200720,20200731
60,0,0,0,0,0,1,1,20200801,20200802
8051,0,0,0,0,1,0,0,20200803,20200904
5894,1,1,1,1,1,0,0,20200608,20200612
8054,1,1,1,1,0,0,0,20200720,20200730
10270,1,0,0,0,0,0,0,20200713,20200719
5893,1,1,1,1,1,0,0,20200615,20200904
1036,0,0,0,0,0,1,0,20200718,20200725
3165,0,0,0,0,0,1,1,20200713,20200802
2672,0,0,0,0,0,1,1,20200613,20200614
1302,0,0,1,1,1,0,0,20200715,20200717
7661,1,0,0,0,0,0,0,20200622,20200629
7662,1,1,1,1,1,0,0,20200803,20200904
8057,0,0,0,0,1,0,0,20200626,20200710
3840,1,1,1,1,1,0,0,20200608,20200904
13497,1,1,1,1,1,1,1,20200704,20200830
10240,1,1,1,1,0,0,0,20200615,20200701
4827,0,0,0,1,1,0,0,20200706,20200802
13499,0,0,0,0,0,1,0,20200613,20200620
13500,0,1,0,1,0,0,0,20200610,20200701
13501,1,1,1,1,1,1,1,20200622,20200905
13502,1,1,1,1,0,0,0,20200608,20200705
4991,0,0,0,0,1,0,0,20200710,20200904
2723,1,1,1,1,1,1,1,20200613,20200905
7251,1,1,1,1,1,1,1,20200608,20200905
3629,1,1,1,1,1,1,1,20200608,20200905
13503,0,0,0,0,0,0,1,20200621,20200628
13504,0,1,0,0,0,0,0,20200810,20200903
5453,1,1,1,1,1,1,1,20200608,20200904
13505,1,0,0,0,0,0,0,20200622,20200629
13506,0,0,0,1,0,0,0,20200629,20200730
5291,0,0,0,0,1,0,0,20200613,20200828
13508,0,0,0,0,1,0,0,20200614,20200626
13509,0,0,0,0,1,1,0,20200727,20200905
13511,1,1,1,1,0,0,1,20200608,20200702
13512,1,1,1,1,1,0,1,20200619,20200904
13513,0,0,0,0,0,0,1,20200705,20200830
13514,1,1,1,1,1,1,0,20200608,20200905
13515,0,0,0,0,0,0,1,20200614,20200628
13516,1,1,1,1,1,1,1,20200608,20200905
4925,0,0,0,0,0,1,1,20200704,20200830
13517,1,1,1,1,1,1,1,20200608,20200905
4019,1,1,1,1,1,1,0,20200608,20200905
13518,1,1,1,1,1,0,1,20200608,20200905
13519,1,1,1,1,1,1,1,20200608,20200905
13520,1,1,1,1,1,1,1,20200608,20200905
13521,1,1,1,1,1,1,1,20200608,20200703
13522,1,1,1,1,1,0,0,20200608,20200905
13523,1,1,1,1,1,1,1,20200704,20200830
13524,1,1,1,1,1,1,0,20200831,20200905
4650,1,1,1,1,1,1,1,20200608,20200904
5925,0,0,0,0,0,1,1,20200711,20200713
3486,0,1,1,1,1,0,0,20200630,20200703
5927,1,1,1,1,1,1,1,20200713,20200809
1323,1,1,1,1,1,1,1,20200713,20200903
9599,0,0,0,0,0,1,1,20200613,20200628
13525,0,0,0,0,1,0,0,20200612,20200904
13526,1,1,1,1,0,0,0,20200608,20200903
13527,0,0,0,0,0,1,1,20200613,20200830
3087,1,1,1,1,0,0,0,20200706,20200827
13533,1,1,1,1,0,0,0,20200608,20200625
4503,0,0,0,0,0,1,1,20200613,20200628
7110,1,1,1,1,1,1,1,20200608,20200905
13535,0,1,1,1,0,0,0,20200610,20200626
13536,0,1,0,0,0,0,0,20200609,20200619
3484,0,1,1,1,1,0,0,20200901,20200904
13538,1,1,1,1,1,1,1,20200704,20200830
6829,1,1,1,1,1,1,1,20200706,20200905
3461,0,0,0,0,0,0,1,20200614,20200628
6049,1,1,1,1,1,0,0,20200608,20200703
13541,0,0,0,0,1,0,0,20200612,20200703
6519,1,1,1,1,1,0,0,20200724,20200904
13543,0,0,0,0,0,0,1,20200621,20200628
13545,1,1,1,1,1,0,0,20200608,20200703
13546,0,0,0,0,1,0,1,20200612,20200614
13547,1,1,1,1,0,1,1,20200620,20200905
6513,0,0,0,0,0,1,0,20200725,20200905
13548,0,0,0,0,0,1,0,20200620,20200627
13552,0,0,0,0,1,0,1,20200612,20200614
13553,1,1,1,1,1,1,1,20200706,20200905
13554,1,1,1,1,0,1,0,20200608,20200613
13555,1,1,1,1,0,0,0,20200608,20200611
13556,1,1,1,1,1,0,0,20200706,20200723
13557,0,0,0,0,1,0,0,20200619,20200703
13558,0,0,0,0,0,1,0,20200704,20200718
13559,0,0,0,0,1,0,0,20200619,20200703
13560,0,0,0,0,1,0,1,20200619,20200703
13562,1,1,1,1,0,1,0,20200704,20200905
13563,1,1,1,1,0,0,0,20200615,20200702
13564,0,0,0,0,0,0,1,20200705,20200903
13565,1,1,1,1,0,0,0,20200615,20200702
13566,0,0,0,0,0,1,0,20200613,20200627
3944,1,1,1,1,0,0,0,20200608,20200611
3999,0,0,0,0,0,1,0,20200615,20200628
8284,1,1,1,1,1,1,1,20200608,20200905
7966,0,0,0,0,0,0,1,20200614,20200628
13568,1,1,1,1,0,0,0,20200608,20200702
8288,0,1,1,0,0,0,0,20200707,20200708
5048,0,0,0,0,1,1,1,20200612,20200905
1678,1,1,1,1,1,0,0,20200608,20200904
13569,0,0,0,0,0,0,1,20200803,20200905
2030,0,0,0,0,0,0,1,20200803,20200905
4614,1,1,1,1,1,1,0,20200608,20200905
2134,0,0,0,0,0,1,1,20200704,20200830
4159,0,0,0,0,0,1,1,20200613,20200628
3864,1,1,1,1,1,1,0,20200831,20200905
4546,1,1,1,1,1,1,1,20200608,20200703
13571,1,1,1,1,1,1,1,20200608,20200905
13572,0,0,0,0,0,0,1,20200705,20200830
13573,0,0,0,0,0,0,1,20200614,20200628
13574,1,1,1,1,1,0,0,20200608,20200904
13575,0,0,0,0,0,0,1,20200614,20200830
13576,1,1,1,1,1,1,1,20200608,20200703
13577,1,1,1,1,1,1,1,20200704,20200905
9722,1,1,1,1,1,1,1,20200608,20200628
9717,1,1,1,1,0,0,1,20200802,20200827
7460,0,0,0,0,0,1,1,20200706,20200905
8886,0,0,0,0,0,0,1,20200608,20200628
4220,1,1,1,1,1,0,0,20200608,20200614
285,0,0,1,1,0,0,0,20200805,20200806
4223,1,1,1,1,1,0,0,20200727,20200821
12260,1,1,0,0,0,0,0,20200815,20200818
12258,1,1,1,1,1,1,0,20200629,20200905
7231,1,1,1,1,1,0,1,20200608,20200904
4221,1,1,1,1,1,1,1,20200613,20200726
9732,0,1,1,1,0,0,0,20200804,20200806
9518,1,1,1,1,1,0,1,20200608,20200905
5172,1,1,1,1,1,0,0,20200608,20200612
8099,1,1,1,0,0,0,0,20200608,20200701
4510,1,1,1,1,1,1,1,20200613,20200726
9029,1,1,1,1,1,1,1,20200608,20200905
4738,1,1,1,1,1,1,1,20200608,20200905
4507,1,1,1,1,1,0,0,20200608,20200614
7090,0,0,0,0,0,0,1,20200705,20200712
7091,0,0,0,0,0,0,1,20200727,20200830
7088,0,0,0,0,0,0,1,20200713,20200726
4701,1,1,1,1,1,1,1,20200608,20200905
5666,1,1,1,1,1,1,1,20200608,20200623
6633,1,1,1,1,1,1,1,20200704,20200905
3592,1,0,0,0,0,0,0,20200706,20200831
1432,1,1,1,1,1,1,1,20200704,20200905
5720,0,0,0,0,0,0,1,20200614,20200621
5719,1,1,1,1,1,1,0,20200608,20200623
3314,0,0,0,0,0,1,0,20200704,20200905
2253,1,1,1,1,1,1,1,20200608,20200905
10403,0,1,1,0,0,0,0,20200609,20200617
5979,1,1,1,1,1,0,1,20200608,20200904
8172,1,1,1,1,1,1,1,20200608,20200830
10405,1,1,1,1,1,1,1,20200612,20200905
5277,0,0,0,0,1,0,0,20200710,20200904
4267,0,0,0,0,0,0,1,20200705,20200830
6905,0,0,0,0,1,0,0,20200612,20200904
6906,1,1,1,1,0,1,0,20200608,20200905
8977,1,1,1,1,1,1,1,20200608,20200905
2501,1,1,1,1,1,1,1,20200608,20200830
8329,1,1,1,1,1,1,1,20200608,20200905
8328,0,0,1,1,0,0,0,20200610,20200618
7685,0,0,0,0,1,0,0,20200731,20200821
13578,1,1,1,1,1,1,1,20200608,20200905
5504,0,0,0,0,0,0,1,20200614,20200628
5503,1,1,1,1,1,1,1,20200608,20200904
8156,1,1,1,1,1,1,1,20200613,20200905
8155,1,1,1,1,1,0,0,20200608,20200612
6847,0,0,0,0,0,0,1,20200613,20200905
1698,0,0,0,0,0,1,0,20200704,20200829
11901,0,0,0,0,0,0,1,20200705,20200830
12039,0,0,0,0,1,1,0,20200612,20200905
8417,1,1,1,1,1,0,1,20200608,20200904
11714,1,1,1,1,1,1,1,20200608,20200905
1732,1,1,1,1,1,1,1,20200608,20200905
5992,1,1,1,1,1,1,1,20200608,20200905
6780,0,0,0,0,1,1,1,20200710,20200712
8809,0,0,0,0,0,1,1,20200609,20200905
8806,0,0,0,1,0,0,0,20200611,20200618
8225,1,1,1,1,1,1,1,20200608,20200830
8805,1,0,0,0,0,0,0,20200727,20200807
8804,1,1,1,1,1,0,0,20200622,20200904
6779,1,1,1,1,1,1,1,20200609,20200905
7875,0,1,0,0,0,0,0,20200609,20200901
7877,1,0,1,1,1,1,1,20200608,20200905
4825,1,1,1,1,0,1,1,20200608,20200905
3117,0,0,0,0,1,1,1,20200612,20200905
3113,1,1,1,1,0,0,0,20200608,20200827
3175,0,0,0,0,0,0,1,20200614,20200628
13579,1,1,1,1,1,0,0,20200608,20200904
6416,0,0,0,0,0,0,1,20200612,20200830
3310,0,0,0,0,0,1,0,20200613,20200905
8447,0,0,0,0,1,0,0,20200612,20200904
11643,1,1,1,1,1,1,1,20200613,20200905
2942,1,1,1,1,1,0,1,20200608,20200904
9351,1,1,1,1,1,0,1,20200608,20200904
2836,0,0,0,0,0,0,1,20200614,20200830
8464,1,1,1,0,1,0,0,20200608,20200904
8462,0,0,0,1,0,0,0,20200611,20200903
8460,0,0,0,0,0,0,1,20200614,20200628
1812,0,0,0,0,0,1,1,20200613,20200905
13580,0,0,0,0,1,1,1,20200720,20200905
1805,1,1,1,1,1,0,0,20200608,20200904
2795,0,1,1,0,0,0,0,20200609,20200610
4979,1,1,1,1,0,0,0,20200608,20200903
2799,1,0,0,0,0,0,0,20200608,20200905
10462,1,1,1,1,1,0,1,20200608,20200904
4713,0,0,0,0,1,1,1,20200612,20200905
2374,1,1,1,1,1,1,1,20200727,20200802
2770,1,1,1,1,1,1,1,20200713,20200726
8301,1,1,1,1,1,1,1,20200614,20200712
11259,1,1,1,1,1,1,1,20200608,20200712
13583,1,1,1,1,1,1,1,20200803,20200905
6423,0,0,0,0,0,0,1,20200621,20200830
13586,1,1,1,1,1,1,0,20200608,20200905
5891,1,1,1,1,1,1,0,20200713,20200801
13587,1,1,1,1,1,1,1,20200803,20200905
5132,0,0,0,0,0,1,1,20200620,20200726
2768,1,1,1,1,1,1,1,20200613,20200712
5134,1,1,1,1,1,0,0,20200608,20200724
7553,1,1,1,1,1,0,0,20200727,20200809
4287,1,1,1,1,1,1,1,20200608,20200905
7843,0,1,1,1,1,0,0,20200707,20200828
7542,0,0,0,0,0,1,0,20200615,20200628
7836,0,0,0,0,0,1,1,20200613,20200905
7834,1,0,0,0,0,0,0,20200706,20200824
4087,1,1,1,1,1,0,0,20200720,20200807
4789,1,1,1,1,1,0,0,20200727,20200809
4082,1,1,1,1,1,1,1,20200608,20200905
4797,0,0,0,0,0,1,1,20200613,20200905
4787,0,0,0,0,1,0,0,20200717,20200720
898,1,1,1,1,1,1,1,20200706,20200905
8251,0,0,0,0,0,1,1,20200613,20200628
9164,1,1,1,1,1,1,1,20200817,20200905
9162,1,1,1,1,1,1,1,20200608,20200816
6994,0,0,0,0,0,1,1,20200613,20200905
161,0,0,0,0,0,0,1,20200614,20200628
8233,1,1,1,1,1,1,0,20200831,20200905
8542,1,1,1,1,1,1,0,20200608,20200703
829,0,0,0,0,0,0,1,20200802,20200816
4749,1,1,1,1,1,0,0,20200608,20200904
4089,0,0,0,0,0,1,1,20200815,20200818
3062,1,1,1,1,0,0,1,20200608,20200903
4792,0,1,1,1,1,0,0,20200616,20200705
4995,0,0,0,0,0,0,1,20200614,20200628
8838,1,1,1,0,0,0,0,20200608,20200701
4372,0,0,0,0,0,1,0,20200613,20200905
1170,1,1,1,1,0,0,0,20200608,20200903
1173,0,0,0,0,0,0,1,20200614,20200628
2951,1,1,1,1,1,0,0,20200831,20200904
6811,0,0,0,0,1,1,1,20200612,20200905
7953,1,1,1,1,1,1,1,20200608,20200619
8168,1,1,1,1,1,1,1,20200608,20200619
7226,0,1,1,1,0,0,0,20200804,20200806
4513,0,0,0,0,0,1,0,20200727,20200829
616,1,1,1,1,1,0,0,20200608,20200612
2110,0,0,1,1,1,0,0,20200805,20200807
4659,0,0,1,1,0,0,0,20200805,20200806
4666,0,0,0,0,1,1,0,20200612,20200905
4668,1,1,1,1,0,0,0,20200608,20200903
2109,1,1,1,1,1,1,0,20200704,20200829
4266,0,0,0,0,0,0,1,20200614,20200830
4443,0,1,1,1,1,1,0,20200714,20200725
4444,1,1,1,1,1,1,1,20200727,20200905
4440,1,1,1,1,1,0,1,20200608,20200615
4442,0,1,1,1,1,1,0,20200630,20200710
6638,0,0,0,0,0,1,1,20200613,20200905
6639,1,1,1,1,1,0,0,20200608,20200904
5334,0,1,1,1,0,1,0,20200901,20200905
4446,0,0,0,0,0,1,1,20200711,20200713
