service_id,date,exception_type
000001,20221013,1
000002,20221014,1
000002,20221015,1
000002,20221016,1
000003,20221016,1
000004,20221013,1
000004,20221014,1
000005,20221015,1
000006,20221015,1
000006,20221016,1
000007,20221013,1
000007,20221014,1
000007,20221015,1
000007,20221016,1
000008,20221013,1
000008,20221014,1
000008,20221015,1
000008,20221016,1
000008,20221017,1
000008,20221018,1
000008,20221019,1
000008,20221020,1
000008,20221021,1
000008,20221022,1
000008,20221023,1
000008,20221024,1
000008,20221025,1
000008,20221026,1
000008,20221027,1
000008,20221028,1
000008,20221029,1
000008,20221030,1
000008,20221031,1
000008,20221101,1
000008,20221102,1
000008,20221103,1
000008,20221104,1
000008,20221105,1
000008,20221106,1
000008,20221107,1
000008,20221108,1
000008,20221109,1
000008,20221110,1
000008,20221111,1
000008,20221112,1
000008,20221113,1
000008,20221114,1
000008,20221115,1
000008,20221116,1
000008,20221117,1
000008,20221118,1
000008,20221119,1
000008,20221120,1
000008,20221121,1
000008,20221122,1
000008,20221123,1
000008,20221124,1
000008,20221125,1
000008,20221126,1
000008,20221127,1
000008,20221128,1
000008,20221129,1
000008,20221130,1
000008,20221201,1
000008,20221202,1
000008,20221203,1
000008,20221204,1
000008,20221205,1
000008,20221206,1
000008,20221207,1
000008,20221208,1
000008,20221209,1
000008,20221210,1
000009,20221211,1
000009,20221212,1
000009,20221213,1
000009,20221214,1
000009,20221215,1
000009,20221216,1
000009,20221217,1
000009,20221218,1
000009,20221219,1
000009,20221220,1
000009,20221221,1
000009,20221222,1
000009,20221223,1
000009,20221224,1
000009,20221225,1
000009,20221226,1
000009,20221227,1
000009,20221228,1
000009,20221229,1
000009,20221230,1
000009,20221231,1
000009,20230101,1
000009,20230102,1
000009,20230103,1
000009,20230104,1
000009,20230105,1
000009,20230106,1
000009,20230107,1
000009,20230108,1
000009,20230109,1
000009,20230110,1
000009,20230111,1
000010,20221013,1
000010,20221015,1
000010,20221017,1
000010,20221018,1
000010,20221019,1
000010,20221020,1
000010,20221022,1
000010,20221023,1
000010,20221024,1
000010,20221025,1
000010,20221026,1
000010,20221027,1
000010,20221028,1
000010,20221029,1
000010,20221030,1
000010,20221031,1
000010,20221101,1
000010,20221102,1
000010,20221103,1
000010,20221104,1
000010,20221105,1
000010,20221107,1
000010,20221108,1
000010,20221109,1
000010,20221111,1
000010,20221112,1
000010,20221114,1
000010,20221115,1
000010,20221116,1
000010,20221117,1
000010,20221119,1
000010,20221121,1
000010,20221122,1
000010,20221123,1
000010,20221124,1
000010,20221126,1
000010,20221128,1
000010,20221129,1
000010,20221130,1
000010,20221201,1
000010,20221203,1
000010,20221205,1
000010,20221206,1
000010,20221207,1
000010,20221208,1
000010,20221210,1
000011,20221014,1
000011,20221016,1
000011,20221021,1
000011,20221106,1
000011,20221110,1
000011,20221113,1
000011,20221118,1
000011,20221120,1
000011,20221125,1
000011,20221127,1
000011,20221202,1
000011,20221204,1
000011,20221209,1
000012,20221017,1
000012,20221024,1
000012,20221107,1
000012,20221114,1
000012,20221121,1
000012,20221128,1
000012,20221205,1
000013,20221018,1
000013,20221019,1
000013,20221020,1
000013,20221021,1
000013,20221025,1
000013,20221026,1
000013,20221027,1
000013,20221028,1
000013,20221102,1
000013,20221103,1
000013,20221104,1
000013,20221108,1
000013,20221109,1
000013,20221110,1
000013,20221115,1
000013,20221116,1
000013,20221117,1
000013,20221118,1
000013,20221122,1
000013,20221123,1
000013,20221124,1
000013,20221125,1
000013,20221129,1
000013,20221130,1
000013,20221201,1
000013,20221202,1
000013,20221206,1
000013,20221207,1
000013,20221208,1
000013,20221209,1
000014,20230109,1
000014,20230110,1
000014,20230111,1
000015,20221212,1
000015,20221213,1
000015,20221214,1
000015,20221215,1
000015,20221216,1
000015,20221219,1
000015,20221220,1
000015,20221221,1
000015,20221222,1
000015,20221223,1
000015,20221226,1
000015,20221227,1
000015,20221228,1
000015,20221229,1
000015,20221230,1
000015,20230102,1
000015,20230103,1
000015,20230104,1
000015,20230105,1
000015,20230106,1
000016,20221013,1
000016,20221014,1
000016,20221015,1
000016,20221017,1
000016,20221018,1
000016,20221019,1
000016,20221020,1
000016,20221021,1
000016,20221022,1
000016,20221024,1
000016,20221025,1
000016,20221026,1
000016,20221027,1
000016,20221028,1
000016,20221031,1
000016,20221102,1
000016,20221103,1
000016,20221104,1
000016,20221107,1
000016,20221108,1
000016,20221109,1
000016,20221110,1
000016,20221111,1
000016,20221114,1
000016,20221115,1
000016,20221116,1
000016,20221117,1
000016,20221118,1
000016,20221119,1
000016,20221121,1
000016,20221122,1
000016,20221123,1
000016,20221124,1
000016,20221125,1
000016,20221126,1
000016,20221128,1
000016,20221129,1
000016,20221130,1
000016,20221201,1
000016,20221202,1
000016,20221203,1
000016,20221205,1
000016,20221206,1
000016,20221207,1
000016,20221208,1
000016,20221209,1
000016,20221210,1
000017,20221029,1
000017,20221105,1
000018,20221212,1
000018,20221213,1
000018,20221214,1
000018,20221215,1
000018,20221216,1
000018,20221217,1
000018,20221219,1
000018,20221220,1
000018,20221221,1
000018,20221222,1
000018,20221223,1
000018,20221224,1
000018,20221226,1
000018,20221227,1
000018,20221228,1
000018,20221229,1
000018,20230102,1
000018,20230103,1
000018,20230104,1
000018,20230105,1
000018,20230106,1
000018,20230107,1
000019,20221230,1
000019,20221231,1
000020,20221013,1
000020,20221014,1
000020,20221016,1
000021,20221017,1
000021,20221018,1
000021,20221019,1
000021,20221020,1
000021,20221021,1
000021,20221023,1
000021,20221024,1
000021,20221025,1
000021,20221026,1
000021,20221027,1
000021,20221028,1
000021,20221030,1
000021,20221102,1
000021,20221103,1
000021,20221104,1
000021,20221106,1
000021,20221107,1
000021,20221108,1
000021,20221109,1
000021,20221110,1
000021,20221114,1
000021,20221115,1
000021,20221116,1
000021,20221117,1
000021,20221118,1
000021,20221120,1
000021,20221121,1
000021,20221122,1
000021,20221123,1
000021,20221124,1
000021,20221125,1
000021,20221128,1
000021,20221129,1
000021,20221130,1
000021,20221201,1
000021,20221202,1
000021,20221204,1
000021,20221205,1
000021,20221206,1
000021,20221207,1
000021,20221208,1
000021,20221209,1
000022,20221022,1
000022,20221029,1
000022,20221101,1
000022,20221105,1
000022,20221111,1
000022,20221119,1
000022,20221126,1
000022,20221203,1
000022,20221210,1
000023,20221031,1
000024,20221217,1
000024,20221224,1
000024,20221231,1
000024,20230107,1
000025,20221218,1
000025,20221225,1
000025,20230101,1
000025,20230108,1
000026,20221016,1
000026,20221120,1
000026,20221204,1
000027,20221013,1
000027,20221014,1
000027,20221017,1
000027,20221018,1
000027,20221019,1
000027,20221020,1
000027,20221021,1
000027,20221114,1
000027,20221115,1
000027,20221116,1
000027,20221117,1
000027,20221118,1
000027,20221121,1
000027,20221122,1
000027,20221123,1
000027,20221124,1
000027,20221125,1
000027,20221128,1
000027,20221129,1
000027,20221130,1
000027,20221201,1
000027,20221202,1
000027,20221205,1
000027,20221206,1
000027,20221207,1
000027,20221208,1
000027,20221209,1
000028,20221023,1
000029,20221024,1
000029,20221025,1
000029,20221026,1
000029,20221027,1
000029,20221028,1
000029,20221102,1
000029,20221103,1
000029,20221104,1
000029,20221107,1
000029,20221108,1
000029,20221109,1
000029,20221110,1
000030,20221030,1
000030,20221106,1
000031,20221101,1
000032,20221013,1
000032,20221014,1
000032,20221015,1
000033,20221016,1
000033,20221017,1
000033,20221018,1
000033,20221019,1
000033,20221020,1
000033,20221021,1
000033,20221026,1
000033,20221027,1
000033,20221030,1
000033,20221107,1
000033,20221108,1
000033,20221109,1
000033,20221110,1
000033,20221111,1
000033,20221114,1
000033,20221115,1
000033,20221116,1
000033,20221117,1
000033,20221118,1
000033,20221119,1
000033,20221120,1
000033,20221121,1
000033,20221122,1
000033,20221123,1
000033,20221124,1
000033,20221125,1
000033,20221126,1
000033,20221128,1
000033,20221129,1
000033,20221130,1
000033,20221201,1
000033,20221202,1
000033,20221203,1
000033,20221204,1
000033,20221205,1
000033,20221206,1
000033,20221207,1
000033,20221208,1
000033,20221209,1
000033,20221210,1
000034,20221022,1
000034,20221023,1
000034,20221024,1
000034,20221025,1
000034,20221028,1
000034,20221029,1
000034,20221031,1
000034,20221101,1
000034,20221102,1
000034,20221103,1
000034,20221104,1
000034,20221105,1
000034,20221106,1
000035,20221217,1
000035,20221218,1
000035,20221223,1
000035,20221224,1
000035,20221227,1
000035,20221230,1
000035,20221231,1
000036,20230108,1
000037,20221212,1
000037,20221213,1
000037,20221214,1
000037,20221215,1
000037,20221216,1
000037,20221219,1
000037,20221220,1
000037,20221221,1
000037,20221222,1
000037,20221225,1
000037,20221226,1
000037,20221228,1
000037,20221229,1
000037,20230101,1
000037,20230102,1
000037,20230103,1
000037,20230104,1
000037,20230105,1
000037,20230106,1
000037,20230107,1
000038,20221014,1
000038,20221021,1
000038,20221118,1
000038,20221125,1
000038,20221202,1
000038,20221209,1
000039,20221017,1
000039,20221018,1
000039,20221019,1
000039,20221024,1
000039,20221025,1
000039,20221026,1
000040,20221020,1
000040,20221027,1
000041,20221028,1
000041,20221104,1
000042,20221107,1
000042,20221108,1
000043,20221114,1
000043,20221115,1
000043,20221116,1
000043,20221121,1
000043,20221122,1
000043,20221123,1
000043,20221128,1
000043,20221129,1
000043,20221130,1
000043,20221205,1
000043,20221206,1
000043,20221207,1
000044,20221102,1
000044,20221109,1
000044,20221110,1
000045,20221117,1
000045,20221201,1
000045,20221208,1
000046,20221103,1
000047,20221124,1
000048,20221017,1
000048,20221018,1
000048,20221019,1
000048,20221020,1
000048,20221021,1
000048,20221022,1
000048,20221024,1
000048,20221025,1
000048,20221026,1
000048,20221027,1
000048,20221028,1
000048,20221029,1
000048,20221031,1
000048,20221102,1
000048,20221103,1
000048,20221104,1
000048,20221105,1
000048,20221107,1
000048,20221108,1
000048,20221109,1
000048,20221110,1
000048,20221111,1
000048,20221114,1
000049,20221212,1
000049,20221213,1
000049,20221214,1
000049,20221215,1
000049,20221216,1
000049,20221217,1
000049,20221219,1
000049,20221220,1
000049,20221221,1
000049,20221222,1
000049,20221223,1
000049,20221224,1
000049,20221226,1
000049,20221227,1
000049,20221228,1
000049,20221229,1
000049,20221230,1
000049,20221231,1
000049,20230102,1
000049,20230103,1
000049,20230104,1
000049,20230105,1
000049,20230106,1
000049,20230107,1
000050,20221115,1
000050,20221116,1
000050,20221117,1
000050,20221118,1
000050,20221119,1
000050,20221121,1
000050,20221122,1
000050,20221123,1
000050,20221124,1
000050,20221125,1
000050,20221126,1
000050,20221128,1
000050,20221129,1
000050,20221130,1
000050,20221201,1
000050,20221202,1
000050,20221203,1
000050,20221205,1
000050,20221206,1
000050,20221207,1
000050,20221208,1
000050,20221209,1
000050,20221210,1
000051,20221015,1
000051,20221016,1
000051,20221030,1
000051,20221106,1
000051,20221119,1
000051,20221120,1
000051,20221203,1
000051,20221204,1
000051,20221210,1
000052,20221022,1
000052,20221023,1
000052,20221105,1
000053,20221126,1
000054,20221111,1
000055,20221029,1
000056,20221218,1
000056,20221225,1
000056,20230101,1
000056,20230107,1
000056,20230108,1
000057,20221217,1
000057,20221224,1
000057,20221231,1
000058,20221023,1
000058,20221030,1
000058,20221106,1
000059,20221120,1
000059,20221204,1
000060,20221016,1
000060,20221023,1
000060,20221030,1
000060,20221101,1
000060,20221106,1
000060,20221120,1
000060,20221204,1
000061,20221211,1
000061,20221218,1
000061,20221225,1
000061,20230101,1
000061,20230108,1
000062,20221014,1
000062,20221015,1
000063,20221017,1
000063,20221018,1
000063,20221019,1
000063,20221020,1
000063,20221021,1
000063,20221022,1
000063,20221024,1
000063,20221025,1
000063,20221026,1
000063,20221027,1
000063,20221028,1
000063,20221029,1
000063,20221031,1
000063,20221102,1
000063,20221103,1
000063,20221104,1
000063,20221105,1
000063,20221107,1
000063,20221108,1
000063,20221109,1
000063,20221110,1
000063,20221114,1
000063,20221115,1
000063,20221116,1
000063,20221117,1
000063,20221118,1
000063,20221119,1
000063,20221121,1
000063,20221122,1
000063,20221123,1
000063,20221124,1
000063,20221125,1
000063,20221128,1
000063,20221129,1
000063,20221130,1
000063,20221201,1
000063,20221202,1
000063,20221203,1
000063,20221205,1
000063,20221206,1
000063,20221207,1
000063,20221208,1
000063,20221209,1
000063,20221210,1
000064,20221217,1
000064,20221219,1
000064,20221220,1
000064,20221221,1
000064,20221222,1
000064,20221223,1
000064,20221224,1
000064,20221226,1
000064,20221227,1
000064,20221228,1
000064,20221229,1
000064,20221230,1
000064,20221231,1
000064,20230102,1
000064,20230103,1
000064,20230104,1
000064,20230105,1
000064,20230106,1
000064,20230107,1
000065,20230109,1
000066,20230110,1
000066,20230111,1
000067,20221212,1
000067,20221213,1
000067,20221214,1
000067,20221215,1
000067,20221216,1
000068,20221015,1
000068,20221022,1
000068,20221029,1
000068,20221105,1
000068,20221119,1
000068,20221203,1
000068,20221210,1
000069,20221211,1
000069,20221217,1
000069,20221218,1
000069,20221224,1
000069,20221225,1
000069,20221231,1
000069,20230101,1
000069,20230107,1
000069,20230108,1
000070,20221023,1
000070,20221030,1
000070,20221101,1
000070,20221106,1
000070,20221120,1
000070,20221204,1
000071,20221014,1
000072,20221017,1
000072,20221018,1
000072,20221019,1
000072,20221020,1
000072,20221021,1
000072,20221028,1
000072,20221107,1
000072,20221108,1
000072,20221109,1
000072,20221110,1
000072,20221114,1
000072,20221115,1
000072,20221116,1
000072,20221117,1
000072,20221118,1
000072,20221121,1
000072,20221122,1
000072,20221123,1
000072,20221124,1
000072,20221125,1
000072,20221128,1
000072,20221129,1
000072,20221130,1
000072,20221201,1
000072,20221202,1
000072,20221205,1
000072,20221206,1
000072,20221207,1
000072,20221208,1
000072,20221209,1
000073,20221024,1
000073,20221025,1
000073,20221026,1
000073,20221027,1
000073,20221102,1
000073,20221103,1
000074,20221104,1
000075,20221212,1
000075,20221213,1
000075,20221214,1
000075,20221215,1
000075,20221216,1
000075,20230102,1
000075,20230103,1
000075,20230104,1
000076,20221219,1
000076,20221220,1
000076,20221221,1
000076,20221222,1
000076,20221223,1
000076,20221226,1
000076,20221227,1
000076,20221228,1
000076,20221229,1
000076,20230105,1
000076,20230106,1
000077,20221230,1
000078,20221022,1
000078,20221105,1
000079,20221029,1
000079,20221119,1
000079,20221203,1
000079,20221210,1
000080,20221224,1
000080,20230107,1
000081,20221217,1
000081,20221231,1
000082,20221013,1
000082,20221014,1
000082,20221015,1
000082,20221016,1
000082,20221017,1
000082,20221018,1
000082,20221019,1
000082,20221020,1
000082,20221021,1
000082,20221114,1
000082,20221115,1
000082,20221116,1
000082,20221117,1
000082,20221118,1
000082,20221119,1
000082,20221120,1
000082,20221121,1
000082,20221122,1
000082,20221123,1
000082,20221124,1
000082,20221125,1
000082,20221128,1
000082,20221129,1
000082,20221130,1
000082,20221201,1
000082,20221202,1
000082,20221203,1
000082,20221204,1
000082,20221205,1
000082,20221206,1
000082,20221207,1
000082,20221208,1
000082,20221209,1
000082,20221210,1
000083,20221022,1
000083,20221023,1
000084,20221024,1
000084,20221025,1
000084,20221026,1
000084,20221027,1
000084,20221028,1
000084,20221029,1
000084,20221030,1
000084,20221031,1
000084,20221101,1
000084,20221102,1
000084,20221103,1
000084,20221104,1
000084,20221105,1
000084,20221106,1
000084,20221107,1
000084,20221108,1
000084,20221109,1
000084,20221110,1
000085,20221113,1
000085,20221127,1
000086,20221218,1
000087,20221211,1
000087,20221212,1
000087,20221213,1
000087,20221214,1
000087,20221215,1
000087,20221216,1
000087,20221217,1
000087,20221219,1
000087,20221220,1
000087,20221221,1
000087,20221222,1
000087,20221223,1
000087,20221224,1
000087,20221225,1
000087,20221226,1
000087,20221227,1
000087,20221228,1
000087,20221229,1
000087,20221230,1
000087,20221231,1
000087,20230101,1
000087,20230102,1
000087,20230103,1
000087,20230104,1
000087,20230105,1
000087,20230106,1
000087,20230107,1
000087,20230108,1
000088,20221113,1
000088,20221119,1
000088,20221120,1
000088,20221203,1
000088,20221204,1
000088,20221210,1
000089,20221022,1
000089,20221023,1
000089,20221029,1
000089,20221030,1
000089,20221101,1
000089,20221105,1
000089,20221106,1
000090,20221127,1
000091,20221211,1
000091,20221225,1
000091,20230101,1
000091,20230107,1
000091,20230108,1
000092,20221217,1
000092,20221218,1
000092,20221224,1
000092,20221231,1
000093,20221017,1
000093,20221018,1
000093,20221019,1
000093,20221020,1
000093,20221026,1
000093,20221027,1
000093,20221107,1
000093,20221108,1
000093,20221109,1
000093,20221110,1
000093,20221114,1
000093,20221115,1
000093,20221116,1
000093,20221117,1
000093,20221121,1
000093,20221122,1
000093,20221123,1
000093,20221124,1
000093,20221205,1
000093,20221206,1
000093,20221207,1
000093,20221208,1
000094,20221021,1
000094,20221028,1
000094,20221118,1
000094,20221125,1
000094,20221202,1
000094,20221209,1
000095,20221024,1
000095,20221025,1
000095,20221102,1
000095,20221103,1
000096,20221128,1
000096,20221129,1
000096,20221130,1
000096,20221201,1
000097,20221213,1
000097,20221214,1
000097,20221215,1
000097,20221216,1
000097,20221219,1
000097,20221220,1
000097,20221221,1
000097,20221222,1
000097,20221227,1
000097,20221228,1
000097,20221229,1
000097,20230102,1
000097,20230103,1
000097,20230104,1
000097,20230105,1
000097,20230106,1
000098,20221223,1
000098,20221226,1
000098,20221230,1
000099,20221016,1
000099,20221030,1
000099,20221113,1
000099,20221120,1
000099,20221127,1
000099,20221204,1
000100,20221023,1
000100,20221101,1
000100,20221106,1
000101,20221016,1
000101,20221023,1
000101,20221113,1
000101,20221120,1
000101,20221127,1
000101,20221204,1
000102,20221030,1
000102,20221101,1
000102,20221106,1
000103,20221013,1
000103,20221017,1
000103,20221018,1
000103,20221019,1
000103,20221020,1
000103,20221114,1
000103,20221115,1
000103,20221116,1
000103,20221117,1
000103,20221121,1
000103,20221122,1
000103,20221123,1
000103,20221124,1
000103,20221128,1
000103,20221129,1
000103,20221130,1
000103,20221201,1
000103,20221205,1
000103,20221206,1
000103,20221207,1
000103,20221208,1
000104,20221024,1
000104,20221025,1
000104,20221026,1
000104,20221027,1
000104,20221102,1
000104,20221103,1
000104,20221107,1
000104,20221108,1
000104,20221109,1
000105,20221029,1
000105,20221031,1
000105,20221105,1
000105,20221110,1
000106,20221015,1
000106,20221022,1
000106,20221119,1
000106,20221203,1
000106,20221210,1
000107,20221211,1
000107,20221212,1
000107,20221213,1
000107,20221214,1
000107,20221215,1
000107,20221218,1
000107,20221220,1
000107,20221221,1
000107,20221222,1
000107,20221225,1
000107,20221226,1
000107,20221227,1
000107,20221228,1
000107,20221229,1
000107,20230101,1
000107,20230102,1
000107,20230103,1
000107,20230104,1
000107,20230105,1
000107,20230108,1
000108,20221216,1
000108,20221217,1
000108,20221219,1
000108,20221223,1
000108,20221224,1
000108,20221230,1
000108,20221231,1
000108,20230106,1
000108,20230107,1
000109,20221023,1
000109,20221030,1
000109,20221101,1
000109,20221106,1
000109,20221113,1
000109,20221120,1
000109,20221127,1
000109,20221204,1
000110,20221013,1
000110,20221014,1
000110,20221017,1
000110,20221018,1
000110,20221019,1
000110,20221020,1
000110,20221021,1
000110,20221024,1
000110,20221025,1
000110,20221026,1
000110,20221027,1
000110,20221028,1
000110,20221102,1
000110,20221103,1
000110,20221104,1
000110,20221107,1
000110,20221108,1
000110,20221109,1
000110,20221114,1
000110,20221115,1
000110,20221116,1
000110,20221117,1
000110,20221118,1
000110,20221121,1
000110,20221122,1
000110,20221123,1
000110,20221124,1
000110,20221125,1
000110,20221128,1
000110,20221129,1
000110,20221130,1
000110,20221201,1
000110,20221202,1
000110,20221205,1
000110,20221206,1
000110,20221207,1
000110,20221208,1
000110,20221209,1
000111,20221015,1
000111,20221016,1
000111,20221210,1
000112,20221211,1
000112,20221212,1
000112,20221213,1
000112,20221214,1
000112,20221215,1
000112,20221216,1
000112,20221217,1
000112,20221218,1
000112,20221219,1
000112,20221220,1
000112,20221221,1
000112,20221222,1
000112,20221223,1
000112,20221224,1
000112,20221225,1
000112,20221226,1
000112,20221227,1
000112,20221228,1
000112,20221229,1
000112,20221230,1
000112,20221231,1
000112,20230101,1
000112,20230102,1
000112,20230103,1
000112,20230104,1
000112,20230105,1
000112,20230106,1
000112,20230107,1
000112,20230108,1
000113,20221022,1
000113,20221023,1
000113,20221029,1
000113,20221030,1
000113,20221031,1
000113,20221101,1
000113,20221105,1
000113,20221106,1
000113,20221110,1
000113,20221113,1
000113,20221119,1
000113,20221120,1
000113,20221127,1
000113,20221203,1
000113,20221204,1
000114,20221018,1
000114,20221019,1
000114,20221020,1
000114,20221025,1
000114,20221026,1
000114,20221027,1
000115,20221023,1
000115,20221030,1
000115,20221031,1
000115,20221101,1
000115,20221106,1
000115,20221119,1
000115,20221120,1
000115,20221127,1
000115,20221203,1
000115,20221204,1
000115,20221210,1
000116,20221022,1
000116,20221029,1
000116,20221105,1
000117,20221102,1
000117,20221103,1
000117,20221107,1
000117,20221108,1
000117,20221109,1
000117,20221110,1
000117,20221114,1
000117,20221115,1
000117,20221116,1
000117,20221117,1
000117,20221121,1
000117,20221122,1
000117,20221123,1
000117,20221124,1
000117,20221128,1
000117,20221129,1
000117,20221130,1
000117,20221201,1
000117,20221205,1
000117,20221206,1
000117,20221207,1
000117,20221208,1
000118,20221021,1
000118,20221028,1
000119,20221017,1
000119,20221024,1
000120,20221118,1
000120,20221125,1
000120,20221202,1
000120,20221209,1
000121,20221113,1
000122,20221211,1
000122,20221218,1
000122,20221224,1
000122,20221225,1
000122,20221231,1
000122,20230101,1
000122,20230107,1
000122,20230108,1
000123,20221217,1
000124,20221212,1
000124,20221213,1
000124,20221214,1
000124,20221215,1
000124,20221216,1
000124,20221219,1
000124,20221220,1
000124,20221221,1
000124,20221222,1
000124,20221226,1
000124,20221227,1
000124,20221228,1
000124,20221229,1
000124,20230102,1
000124,20230103,1
000124,20230104,1
000124,20230105,1
000124,20230106,1
000125,20221223,1
000125,20221230,1
000126,20221028,1
000126,20221104,1
000126,20221110,1
000127,20221022,1
000127,20221029,1
000127,20221105,1
000127,20221119,1
000127,20221203,1
000128,20221013,1
000128,20221014,1
000128,20221017,1
000128,20221018,1
000128,20221019,1
000128,20221020,1
000128,20221021,1
000128,20221024,1
000128,20221025,1
000128,20221026,1
000128,20221027,1
000128,20221028,1
000128,20221102,1
000128,20221103,1
000128,20221104,1
000128,20221107,1
000128,20221108,1
000128,20221109,1
000128,20221110,1
000128,20221114,1
000128,20221115,1
000128,20221116,1
000128,20221117,1
000128,20221118,1
000128,20221121,1
000128,20221122,1
000128,20221123,1
000128,20221124,1
000128,20221125,1
000128,20221128,1
000128,20221129,1
000128,20221130,1
000128,20221201,1
000128,20221202,1
000128,20221205,1
000128,20221206,1
000128,20221207,1
000128,20221208,1
000128,20221209,1
000129,20221210,1
000130,20221211,1
000130,20221212,1
000130,20221213,1
000130,20221214,1
000130,20221215,1
000130,20221216,1
000130,20221218,1
000130,20221219,1
000130,20221220,1
000130,20221221,1
000130,20221222,1
000130,20221223,1
000130,20221225,1
000130,20221226,1
000130,20221227,1
000130,20221228,1
000130,20221229,1
000130,20221230,1
000130,20230101,1
000130,20230102,1
000130,20230103,1
000130,20230104,1
000130,20230105,1
000130,20230106,1
000130,20230108,1
000131,20221015,1
000131,20221016,1
000131,20221022,1
000131,20221023,1
000131,20221113,1
000131,20221119,1
000131,20221120,1
000131,20221127,1
000131,20221203,1
000131,20221204,1
000131,20221210,1
000132,20221024,1
000132,20221025,1
000132,20221026,1
000132,20221027,1
000132,20221028,1
000132,20221031,1
000132,20221101,1
000132,20221102,1
000132,20221103,1
000132,20221104,1
000132,20221107,1
000132,20221108,1
000132,20221109,1
000132,20221110,1
000133,20221029,1
000133,20221030,1
000133,20221105,1
000133,20221106,1
000134,20221022,1
000134,20221029,1
000134,20221105,1
000134,20221119,1
000135,20221023,1
000135,20221030,1
000135,20221106,1
000135,20221113,1
000135,20221120,1
000135,20221127,1
000135,20221204,1
000136,20221017,1
000136,20221018,1
000136,20221019,1
000136,20221020,1
000136,20221021,1
000136,20221024,1
000136,20221025,1
000136,20221026,1
000136,20221027,1
000136,20221028,1
000136,20221102,1
000136,20221103,1
000136,20221104,1
000136,20221107,1
000136,20221108,1
000136,20221109,1
000136,20221110,1
000136,20221114,1
000136,20221115,1
000136,20221116,1
000136,20221117,1
000136,20221118,1
000136,20221121,1
000136,20221122,1
000136,20221123,1
000136,20221124,1
000136,20221125,1
000136,20221128,1
000136,20221129,1
000136,20221130,1
000136,20221201,1
000136,20221202,1
000136,20221205,1
000136,20221206,1
000136,20221207,1
000136,20221208,1
000136,20221209,1
000137,20221031,1
000137,20221101,1
000138,20221203,1
000139,20221212,1
000139,20221213,1
000139,20221214,1
000139,20221215,1
000139,20230102,1
000140,20221216,1
000140,20221219,1
000140,20221220,1
000140,20221221,1
000140,20221222,1
000140,20221223,1
000140,20221226,1
000140,20221227,1
000140,20221228,1
000140,20221229,1
000140,20221230,1
000141,20221211,1
000141,20221217,1
000141,20221218,1
000141,20221225,1
000141,20230101,1
000142,20221021,1
000143,20221202,1
000144,20221125,1
000145,20221027,1
000146,20221024,1
000147,20221026,1
000148,20221028,1
000149,20221025,1
000150,20221120,1
000151,20221204,1
000152,20221105,1
000153,20221106,1
000154,20221102,1
000155,20221118,1
000156,20221110,1
000157,20221209,1
000158,20221013,1
000158,20221014,1
000158,20221018,1
000158,20221019,1
000158,20221020,1
000158,20221021,1
000158,20221025,1
000158,20221026,1
000158,20221027,1
000158,20221028,1
000158,20221101,1
000158,20221102,1
000158,20221103,1
000158,20221104,1
000158,20221108,1
000158,20221109,1
000158,20221110,1
000158,20221115,1
000158,20221116,1
000158,20221117,1
000158,20221118,1
000158,20221125,1
000159,20221017,1
000159,20221024,1
000159,20221031,1
000159,20221107,1
000159,20221114,1
000159,20221121,1
000159,20221122,1
000159,20221123,1
000159,20221124,1
000159,20221128,1
000159,20221129,1
000159,20221130,1
000159,20221201,1
000159,20221202,1
000159,20221205,1
000159,20221206,1
000159,20221207,1
000159,20221208,1
000159,20221209,1
000160,20221023,1
000160,20221029,1
000160,20221030,1
000160,20221105,1
000160,20221106,1
000160,20221113,1
000160,20221119,1
000160,20221120,1
000160,20221203,1
000161,20221015,1
000161,20221127,1
000161,20221204,1
000162,20221014,1
000162,20221021,1
000162,20221024,1
000162,20221025,1
000162,20221026,1
000162,20221027,1
000162,20221028,1
000162,20221031,1
000162,20221101,1
000162,20221102,1
000162,20221103,1
000162,20221104,1
000162,20221108,1
000162,20221109,1
000162,20221110,1
000162,20221114,1
000162,20221115,1
000162,20221116,1
000162,20221117,1
000162,20221118,1
000162,20221121,1
000162,20221122,1
000162,20221123,1
000162,20221124,1
000162,20221125,1
000162,20221128,1
000162,20221129,1
000162,20221130,1
000162,20221201,1
000162,20221202,1
000162,20221205,1
000162,20221206,1
000162,20221207,1
000162,20221208,1
000163,20221013,1
000163,20221017,1
000163,20221018,1
000163,20221019,1
000163,20221020,1
000164,20221107,1
000165,20221016,1
000165,20221023,1
000165,20221127,1
000165,20221204,1
000166,20221015,1
000166,20221030,1
000166,20221105,1
000166,20221106,1
000166,20221113,1
000166,20221119,1
000166,20221120,1
000166,20221203,1
000167,20221119,1
000168,20221030,1
000169,20221211,1
000170,20221225,1
000171,20230101,1
000172,20221109,1
000173,20221017,1
000174,20221117,1
000175,20221130,1
000176,20221207,1
000177,20221201,1
000178,20221205,1
000179,20221208,1
000180,20221019,1
000181,20221116,1
000182,20221122,1
000183,20221129,1
000184,20221108,1
000185,20221115,1
000186,20221123,1
000187,20221128,1
000188,20221114,1
000189,20221206,1
000190,20221121,1
000191,20221020,1
000192,20221018,1
000193,20221216,1
000194,20221223,1
000195,20221222,1
000196,20221229,1
000197,20221221,1
000198,20221213,1
000199,20221226,1
000200,20221215,1
000201,20221227,1
000202,20221212,1
000203,20230102,1
000204,20221219,1
000205,20221220,1
000206,20221214,1
000207,20221228,1
000208,20221013,1
000208,20221014,1
000208,20221015,1
000208,20221016,1
000208,20221017,1
000208,20221018,1
000208,20221019,1
000208,20221020,1
000208,20221021,1
000208,20221022,1
000208,20221023,1
000208,20221024,1
000208,20221025,1
000208,20221026,1
000208,20221027,1
000208,20221028,1
000208,20221029,1
000208,20221030,1
000208,20221031,1
000208,20221101,1
000208,20221102,1
000208,20221103,1
000208,20221104,1
000208,20221105,1
000208,20221106,1
000208,20221107,1
000208,20221108,1
000208,20221109,1
000208,20221110,1
000208,20221111,1
000208,20221112,1
000208,20221114,1
000208,20221115,1
000208,20221116,1
000208,20221117,1
000208,20221118,1
000208,20221119,1
000208,20221120,1
000208,20221121,1
000208,20221122,1
000208,20221123,1
000208,20221124,1
000208,20221125,1
000208,20221126,1
000208,20221127,1
000208,20221128,1
000208,20221129,1
000208,20221130,1
000208,20221201,1
000208,20221202,1
000208,20221203,1
000208,20221204,1
000208,20221205,1
000208,20221206,1
000208,20221207,1
000208,20221208,1
000208,20221209,1
000208,20221210,1
000209,20221013,1
000209,20221014,1
000209,20221015,1
000209,20221016,1
000209,20221017,1
000209,20221018,1
000209,20221019,1
000209,20221020,1
000209,20221021,1
000209,20221023,1
000209,20221024,1
000209,20221025,1
000209,20221026,1
000209,20221027,1
000209,20221028,1
000209,20221030,1
000209,20221101,1
000209,20221102,1
000209,20221103,1
000209,20221104,1
000209,20221106,1
000209,20221107,1
000209,20221108,1
000209,20221109,1
000209,20221110,1
000209,20221111,1
000209,20221112,1
000209,20221114,1
000209,20221115,1
000209,20221116,1
000209,20221117,1
000209,20221118,1
000209,20221119,1
000209,20221120,1
000209,20221121,1
000209,20221122,1
000209,20221123,1
000209,20221124,1
000209,20221125,1
000209,20221126,1
000209,20221127,1
000209,20221128,1
000209,20221129,1
000209,20221130,1
000209,20221201,1
000209,20221202,1
000209,20221203,1
000209,20221204,1
000209,20221205,1
000209,20221206,1
000209,20221207,1
000209,20221208,1
000209,20221209,1
000209,20221210,1
000210,20221022,1
000210,20221029,1
000210,20221031,1
000210,20221105,1
000211,20221211,1
000211,20221212,1
000211,20221213,1
000211,20221214,1
000211,20221215,1
000211,20221216,1
000211,20221218,1
000211,20221219,1
000211,20221220,1
000211,20221221,1
000211,20221222,1
000211,20221224,1
000211,20221225,1
000211,20221226,1
000211,20221227,1
000211,20221228,1
000211,20221229,1
000211,20221231,1
000211,20230101,1
000211,20230102,1
000211,20230103,1
000211,20230104,1
000211,20230105,1
000211,20230106,1
000211,20230107,1
000211,20230108,1
000211,20230109,1
000211,20230110,1
000211,20230111,1
000212,20221217,1
000212,20221223,1
000212,20221230,1
000213,20221013,1
000213,20221014,1
000213,20221015,1
000213,20221016,1
000213,20221017,1
000213,20221018,1
000213,20221019,1
000213,20221020,1
000213,20221021,1
000213,20221022,1
000213,20221024,1
000213,20221025,1
000213,20221026,1
000213,20221027,1
000213,20221028,1
000213,20221029,1
000213,20221031,1
000213,20221102,1
000213,20221103,1
000213,20221104,1
000213,20221105,1
000213,20221107,1
000213,20221108,1
000213,20221109,1
000213,20221110,1
000213,20221111,1
000213,20221112,1
000213,20221114,1
000213,20221115,1
000213,20221116,1
000213,20221117,1
000213,20221118,1
000213,20221119,1
000213,20221120,1
000213,20221121,1
000213,20221122,1
000213,20221123,1
000213,20221124,1
000213,20221125,1
000213,20221126,1
000213,20221127,1
000213,20221128,1
000213,20221129,1
000213,20221130,1
000213,20221201,1
000213,20221202,1
000213,20221203,1
000213,20221204,1
000213,20221205,1
000213,20221206,1
000213,20221207,1
000213,20221208,1
000213,20221209,1
000213,20221210,1
000214,20221023,1
000214,20221030,1
000214,20221101,1
000214,20221106,1
000215,20221211,1
000215,20221212,1
000215,20221213,1
000215,20221214,1
000215,20221215,1
000215,20221216,1
000215,20221217,1
000215,20221219,1
000215,20221220,1
000215,20221221,1
000215,20221222,1
000215,20221223,1
000215,20221225,1
000215,20221226,1
000215,20221227,1
000215,20221228,1
000215,20221229,1
000215,20221230,1
000215,20230101,1
000215,20230102,1
000215,20230103,1
000215,20230104,1
000215,20230105,1
000215,20230106,1
000215,20230107,1
000215,20230108,1
000215,20230109,1
000215,20230110,1
000215,20230111,1
000216,20221218,1
000216,20221224,1
000216,20221231,1
000217,20221017,1
000217,20221018,1
000217,20221019,1
000217,20221020,1
000217,20221021,1
000217,20221102,1
000217,20221103,1
000217,20221104,1
000217,20221107,1
000217,20221108,1
000217,20221109,1
000217,20221110,1
000217,20221114,1
000217,20221115,1
000217,20221116,1
000217,20221117,1
000217,20221118,1
000217,20221121,1
000217,20221122,1
000217,20221123,1
000217,20221124,1
000217,20221125,1
000217,20221128,1
000217,20221129,1
000217,20221130,1
000217,20221201,1
000217,20221202,1
000217,20221205,1
000217,20221206,1
000217,20221207,1
000217,20221208,1
000217,20221209,1
000218,20221114,1
000218,20221115,1
000218,20221116,1
000218,20221117,1
000218,20221118,1
000218,20221121,1
000218,20221122,1
000218,20221123,1
000218,20221124,1
000218,20221125,1
000218,20221128,1
000218,20221129,1
000218,20221130,1
000218,20221201,1
000218,20221202,1
000218,20221205,1
000218,20221206,1
000218,20221207,1
000218,20221208,1
000218,20221209,1
000219,20221013,1
000219,20221014,1
000219,20221017,1
000219,20221018,1
000219,20221019,1
000219,20221020,1
000219,20221021,1
000219,20221024,1
000219,20221025,1
000219,20221026,1
000219,20221027,1
000219,20221028,1
000219,20221102,1
000219,20221103,1
000219,20221104,1
000220,20221105,1
000220,20221106,1
000220,20221107,1
000220,20221108,1
000220,20221109,1
000220,20221110,1
000221,20221214,1
000221,20221215,1
000221,20221219,1
000221,20221220,1
000221,20221221,1
000221,20221222,1
000221,20221223,1
000221,20230105,1
000221,20230106,1
000222,20221211,1
000222,20221212,1
000222,20221213,1
000222,20221216,1
000222,20221217,1
000222,20221218,1
000222,20221224,1
000222,20221225,1
000222,20221226,1
000222,20221227,1
000222,20221228,1
000222,20221229,1
000222,20221230,1
000222,20221231,1
000222,20230101,1
000222,20230102,1
000222,20230103,1
000222,20230104,1
000222,20230107,1
000222,20230108,1
000223,20221015,1
000223,20221016,1
000223,20221119,1
000223,20221120,1
000223,20221126,1
000223,20221203,1
000223,20221204,1
000223,20221210,1
000224,20221022,1
000224,20221023,1
000224,20221029,1
000224,20221030,1
000224,20221101,1
000224,20221105,1
000224,20221106,1
000224,20221119,1
000224,20221120,1
000224,20221127,1
000224,20221203,1
000224,20221204,1
000225,20221017,1
000225,20221018,1
000225,20221019,1
000225,20221020,1
000225,20221021,1
000225,20221024,1
000225,20221025,1
000225,20221026,1
000225,20221027,1
000225,20221028,1
000225,20221031,1
000225,20221102,1
000225,20221103,1
000225,20221104,1
000225,20221107,1
000225,20221108,1
000225,20221109,1
000225,20221110,1
000225,20221114,1
000225,20221115,1
000225,20221116,1
000225,20221117,1
000225,20221118,1
000225,20221121,1
000225,20221122,1
000225,20221123,1
000225,20221124,1
000225,20221125,1
000225,20221128,1
000225,20221129,1
000225,20221130,1
000225,20221201,1
000225,20221202,1
000225,20221205,1
000225,20221206,1
000225,20221207,1
000225,20221208,1
000225,20221209,1
000226,20221029,1
000226,20221030,1
000226,20221101,1
000226,20221105,1
000226,20221106,1
000226,20221119,1
000226,20221120,1
000226,20221203,1
000226,20221204,1
000226,20221210,1
000227,20221126,1
000227,20221127,1
000228,20221119,1
000228,20221120,1
000229,20221016,1
000229,20221017,1
000229,20221018,1
000229,20221019,1
000229,20221020,1
000229,20221021,1
000229,20221024,1
000229,20221025,1
000229,20221026,1
000229,20221027,1
000229,20221028,1
000229,20221102,1
000229,20221103,1
000229,20221108,1
000229,20221109,1
000229,20221110,1
000229,20221115,1
000229,20221116,1
000229,20221117,1
000230,20221122,1
000230,20221123,1
000230,20221124,1
000230,20221129,1
000230,20221130,1
000230,20221201,1
000230,20221206,1
000230,20221207,1
000230,20221208,1
000230,20221209,1
000230,20221210,1
000231,20221121,1
000231,20221125,1
000231,20221128,1
000231,20221202,1
000231,20221205,1
000232,20221105,1
000232,20221106,1
000233,20221104,1
000233,20221107,1
000233,20221114,1
000233,20221118,1
000234,20221211,1
000234,20221212,1
000234,20221213,1
000234,20221214,1
000234,20221215,1
000234,20221216,1
000234,20221219,1
000234,20221220,1
000234,20221221,1
000234,20221222,1
000234,20221223,1
000234,20221224,1
000234,20221225,1
000234,20221226,1
000234,20221227,1
000234,20221228,1
000234,20221229,1
000234,20221230,1
000234,20221231,1
000234,20230101,1
000235,20230102,1
000235,20230103,1
000235,20230104,1
000235,20230105,1
000235,20230106,1
000235,20230107,1
000235,20230108,1
000235,20230109,1
000235,20230110,1
000235,20230111,1
000236,20221126,1
000236,20221203,1
000236,20221204,1
000237,20221017,1
000237,20221018,1
000237,20221019,1
000237,20221020,1
000237,20221021,1
000237,20221102,1
000237,20221103,1
000237,20221104,1
000237,20221107,1
000237,20221108,1
000237,20221109,1
000237,20221110,1
000237,20221114,1
000237,20221115,1
000237,20221116,1
000237,20221117,1
000237,20221118,1
000238,20221121,1
000238,20221122,1
000238,20221123,1
000238,20221124,1
000238,20221125,1
000238,20221128,1
000238,20221129,1
000238,20221130,1
000238,20221201,1
000238,20221202,1
000238,20221205,1
000238,20221206,1
000238,20221207,1
000238,20221208,1
000238,20221209,1
000239,20221024,1
000239,20221025,1
000239,20221026,1
000239,20221027,1
000239,20221029,1
000239,20221030,1
000239,20221031,1
000239,20221101,1
000239,20221102,1
000239,20221103,1
000239,20221105,1
000239,20221106,1
000239,20221107,1
000239,20221108,1
000239,20221109,1
000240,20221014,1
000240,20221021,1
000240,20221118,1
000241,20221013,1
000241,20221015,1
000241,20221016,1
000241,20221017,1
000241,20221018,1
000241,20221019,1
000241,20221020,1
000241,20221022,1
000241,20221023,1
000241,20221114,1
000241,20221115,1
000241,20221116,1
000241,20221117,1
000241,20221119,1
000241,20221120,1
000241,20221121,1
000241,20221122,1
000241,20221123,1
000241,20221124,1
000241,20221125,1
000241,20221127,1
000241,20221128,1
000241,20221129,1
000241,20221130,1
000241,20221201,1
000241,20221202,1
000241,20221203,1
000241,20221204,1
000241,20221205,1
000241,20221206,1
000241,20221207,1
000241,20221208,1
000241,20221209,1
000241,20221210,1
000242,20221211,1
000242,20221224,1
000242,20221225,1
000242,20221231,1
000242,20230101,1
000242,20230107,1
000242,20230108,1
000243,20221013,1
000243,20221014,1
000243,20221015,1
000243,20221016,1
000243,20221029,1
000243,20221030,1
000243,20221031,1
000243,20221101,1
000243,20221119,1
000243,20221120,1
000244,20221203,1
000244,20221204,1
000245,20221017,1
000245,20221018,1
000245,20221019,1
000245,20221024,1
000245,20221025,1
000246,20221013,1
000246,20221014,1
000246,20221015,1
000246,20221016,1
000246,20221020,1
000246,20221021,1
000246,20221022,1
000246,20221023,1
000246,20221026,1
000246,20221027,1
000246,20221028,1
000246,20221029,1
000246,20221030,1
000246,20221031,1
000246,20221101,1
000246,20221102,1
000246,20221103,1
000246,20221104,1
000246,20221105,1
000246,20221106,1
000246,20221107,1
000246,20221108,1
000246,20221109,1
000246,20221110,1
000246,20221119,1
000246,20221120,1
000246,20221121,1
000246,20221122,1
000246,20221123,1
000246,20221124,1
000246,20221125,1
000246,20221126,1
000246,20221128,1
000246,20221129,1
000246,20221130,1
000246,20221201,1
000246,20221202,1
000247,20221203,1
000247,20221204,1
000247,20221205,1
000247,20221206,1
000247,20221207,1
000247,20221208,1
000247,20221209,1
000247,20221210,1
000248,20221013,1
000248,20221014,1
000248,20221015,1
000248,20221016,1
000248,20221017,1
000248,20221018,1
000248,20221019,1
000248,20221020,1
000248,20221021,1
000248,20221022,1
000248,20221023,1
000248,20221024,1
000248,20221025,1
000248,20221026,1
000248,20221027,1
000248,20221028,1
000248,20221029,1
000248,20221030,1
000248,20221031,1
000248,20221101,1
000248,20221102,1
000248,20221103,1
000248,20221104,1
000248,20221105,1
000248,20221106,1
000248,20221107,1
000248,20221108,1
000248,20221109,1
000248,20221110,1
000248,20221114,1
000248,20221115,1
000248,20221116,1
000248,20221117,1
000248,20221118,1
000248,20221119,1
000248,20221128,1
000248,20221129,1
000248,20221130,1
000248,20221201,1
000248,20221202,1
000248,20221203,1
000248,20221204,1
000248,20221205,1
000248,20221206,1
000248,20221207,1
000248,20221208,1
000248,20221209,1
000248,20221210,1
000249,20221211,1
000249,20221212,1
000249,20221213,1
000249,20221214,1
000249,20221215,1
000249,20221216,1
000249,20221218,1
000249,20221219,1
000249,20221220,1
000249,20221221,1
000249,20221222,1
000249,20221223,1
000249,20221225,1
000249,20221226,1
000249,20221227,1
000249,20221228,1
000249,20221229,1
000249,20221230,1
000249,20230101,1
000249,20230102,1
000249,20230103,1
000249,20230104,1
000249,20230105,1
000249,20230106,1
000249,20230108,1
000249,20230109,1
000249,20230110,1
000249,20230111,1
000250,20221013,1
000250,20221014,1
000250,20221015,1
000250,20221016,1
000250,20221017,1
000250,20221018,1
000250,20221019,1
000250,20221020,1
000250,20221021,1
000250,20221022,1
000250,20221023,1
000250,20221024,1
000250,20221025,1
000250,20221026,1
000250,20221027,1
000250,20221028,1
000250,20221029,1
000250,20221030,1
000250,20221031,1
000250,20221101,1
000250,20221102,1
000250,20221103,1
000250,20221104,1
000250,20221105,1
000250,20221106,1
000250,20221107,1
000250,20221108,1
000250,20221109,1
000250,20221110,1
000250,20221119,1
000250,20221120,1
000250,20221128,1
000250,20221129,1
000250,20221130,1
000250,20221201,1
000250,20221202,1
000250,20221203,1
000250,20221204,1
000250,20221205,1
000250,20221206,1
000250,20221207,1
000250,20221208,1
000250,20221209,1
000250,20221210,1
000251,20221212,1
000251,20221213,1
000251,20221214,1
000251,20221215,1
000251,20221219,1
000251,20221220,1
000251,20221221,1
000251,20221222,1
000251,20221226,1
000251,20221227,1
000251,20221228,1
000251,20221229,1
000251,20230102,1
000251,20230103,1
000251,20230104,1
000251,20230105,1
000251,20230109,1
000251,20230110,1
000251,20230111,1
000252,20221216,1
000252,20221223,1
000252,20221230,1
000252,20230106,1
000253,20230107,1
000254,20221013,1
000254,20221014,1
000254,20221015,1
000254,20221016,1
000254,20221017,1
000254,20221018,1
000254,20221019,1
000254,20221020,1
000254,20221021,1
000254,20221022,1
000254,20221023,1
000254,20221024,1
000254,20221025,1
000254,20221026,1
000254,20221027,1
000254,20221028,1
000254,20221029,1
000254,20221030,1
000254,20221031,1
000254,20221101,1
000254,20221102,1
000254,20221103,1
000254,20221104,1
000254,20221105,1
000254,20221106,1
000254,20221107,1
000254,20221108,1
000254,20221109,1
000254,20221110,1
000254,20221114,1
000254,20221115,1
000254,20221116,1
000254,20221117,1
000254,20221118,1
000254,20221119,1
000254,20221120,1
000254,20221121,1
000254,20221122,1
000254,20221123,1
000254,20221124,1
000254,20221125,1
000254,20221127,1
000254,20221128,1
000254,20221129,1
000254,20221130,1
000254,20221201,1
000254,20221202,1
000254,20221203,1
000254,20221204,1
000254,20221205,1
000254,20221206,1
000254,20221207,1
000254,20221208,1
000254,20221209,1
000254,20221210,1
000255,20221212,1
000255,20221213,1
000255,20221214,1
000255,20221215,1
000255,20221216,1
000255,20221217,1
000255,20221219,1
000255,20221220,1
000255,20221221,1
000255,20221222,1
000255,20221223,1
000255,20221224,1
000255,20221226,1
000255,20221227,1
000255,20221228,1
000255,20221229,1
000255,20221230,1
000255,20221231,1
000255,20230102,1
000255,20230103,1
000255,20230104,1
000255,20230105,1
000255,20230106,1
000255,20230107,1
000255,20230109,1
000255,20230110,1
000255,20230111,1
000256,20221013,1
000256,20221018,1
000256,20221019,1
000256,20221020,1
000256,20221025,1
000256,20221026,1
000256,20221027,1
000256,20221102,1
000256,20221103,1
000256,20221108,1
000256,20221109,1
000256,20221110,1
000256,20221115,1
000256,20221116,1
000256,20221117,1
000256,20221122,1
000256,20221123,1
000256,20221124,1
000256,20221129,1
000256,20221130,1
000256,20221201,1
000256,20221206,1
000256,20221207,1
000256,20221208,1
000257,20221014,1
000257,20221017,1
000257,20221021,1
000257,20221024,1
000257,20221028,1
000257,20221104,1
000257,20221107,1
000257,20221114,1
000257,20221118,1
000257,20221121,1
000257,20221125,1
000257,20221128,1
000257,20221202,1
000257,20221205,1
000257,20221209,1
000258,20221213,1
000258,20221214,1
000258,20221215,1
000258,20221220,1
000258,20221221,1
000258,20221222,1
000258,20221227,1
000258,20221228,1
000258,20221229,1
000258,20230103,1
000258,20230104,1
000258,20230105,1
000259,20221212,1
000259,20221216,1
000259,20221219,1
000259,20221223,1
000259,20221226,1
000259,20221230,1
000259,20230102,1
000259,20230106,1
000260,20221013,1
000260,20221014,1
000260,20221015,1
000260,20221016,1
000260,20221017,1
000260,20221018,1
000260,20221019,1
000260,20221020,1
000260,20221021,1
000260,20221022,1
000260,20221024,1
000260,20221025,1
000260,20221026,1
000260,20221027,1
000260,20221028,1
000260,20221029,1
000260,20221101,1
000260,20221102,1
000260,20221103,1
000260,20221104,1
000260,20221105,1
000260,20221106,1
000260,20221107,1
000260,20221108,1
000260,20221109,1
000260,20221110,1
000260,20221111,1
000260,20221113,1
000260,20221114,1
000260,20221115,1
000260,20221116,1
000260,20221117,1
000260,20221118,1
000260,20221119,1
000260,20221120,1
000260,20221121,1
000260,20221122,1
000260,20221123,1
000260,20221124,1
000260,20221125,1
000260,20221126,1
000260,20221127,1
000260,20221128,1
000260,20221129,1
000260,20221130,1
000260,20221201,1
000260,20221202,1
000260,20221203,1
000260,20221204,1
000260,20221205,1
000260,20221206,1
000260,20221207,1
000260,20221208,1
000260,20221209,1
000260,20221210,1
000261,20221112,1
000262,20221030,1
000262,20221031,1
000263,20221025,1
000263,20221026,1
000263,20221101,1
000263,20221102,1
000263,20221107,1
000263,20221108,1
000263,20221109,1
000264,20221027,1
000264,20221104,1
000264,20221110,1
000264,20221111,1
000265,20221028,1
000265,20221103,1
000266,20221128,1
000266,20221129,1
000266,20221130,1
000266,20221205,1
000266,20221206,1
000266,20221207,1
000267,20221201,1
000267,20221202,1
000267,20221208,1
000267,20221209,1
000268,20221203,1
000268,20221204,1
000268,20221210,1
000269,20221017,1
000269,20221018,1
000269,20221019,1
000269,20221114,1
000269,20221115,1
000269,20221116,1
000269,20221121,1
000269,20221122,1
000269,20221123,1
000270,20221013,1
000270,20221014,1
000270,20221015,1
000270,20221016,1
000270,20221020,1
000270,20221021,1
000270,20221029,1
000270,20221113,1
000270,20221117,1
000270,20221118,1
000270,20221119,1
000270,20221120,1
000270,20221124,1
000270,20221125,1
000270,20221126,1
000270,20221127,1
000271,20221022,1
000271,20221023,1
000271,20221105,1
000271,20221106,1
000272,20221212,1
000272,20221213,1
000272,20221214,1
000272,20221219,1
000272,20221220,1
000272,20221221,1
000272,20221226,1
000272,20221227,1
000272,20221228,1
000272,20230102,1
000272,20230103,1
000272,20230104,1
000273,20221211,1
000273,20221215,1
000273,20221216,1
000273,20221222,1
000273,20221224,1
000273,20221225,1
000273,20221229,1
000273,20230101,1
000273,20230105,1
000273,20230106,1
000273,20230107,1
000273,20230108,1
000274,20221217,1
000274,20221218,1
000274,20221223,1
000274,20221230,1
000274,20221231,1
000275,20221013,1
000275,20221014,1
000275,20221015,1
000275,20221016,1
000275,20221017,1
000275,20221018,1
000275,20221019,1
000275,20221020,1
000275,20221021,1
000275,20221024,1
000275,20221026,1
000275,20221027,1
000275,20221028,1
000275,20221102,1
000275,20221104,1
000275,20221107,1
000275,20221108,1
000275,20221109,1
000275,20221110,1
000275,20221111,1
000275,20221113,1
000275,20221114,1
000275,20221115,1
000275,20221116,1
000275,20221117,1
000275,20221118,1
000275,20221119,1
000275,20221120,1
000275,20221126,1
000275,20221127,1
000275,20221203,1
000275,20221204,1
000275,20221205,1
000275,20221206,1
000275,20221207,1
000275,20221208,1
000275,20221209,1
000275,20221210,1
000276,20221022,1
000276,20221023,1
000276,20221025,1
000276,20221029,1
000276,20221101,1
000276,20221103,1
000276,20221105,1
000276,20221106,1
000277,20221211,1
000277,20221212,1
000277,20221213,1
000277,20221214,1
000277,20221215,1
000277,20221216,1
000277,20221219,1
000277,20221220,1
000277,20221221,1
000277,20221222,1
000277,20221223,1
000277,20221225,1
000277,20221227,1
000277,20221229,1
000277,20230101,1
000277,20230102,1
000277,20230103,1
000277,20230104,1
000277,20230105,1
000277,20230106,1
000277,20230107,1
000277,20230108,1
000277,20230109,1
000277,20230110,1
000277,20230111,1
000278,20221217,1
000278,20221218,1
000278,20221224,1
000278,20221226,1
000278,20221228,1
000278,20221230,1
000278,20221231,1
000279,20221128,1
000279,20221129,1
000279,20221130,1
000279,20221201,1
000279,20221202,1
000279,20221203,1
000279,20221204,1
000279,20221205,1
000279,20221206,1
000279,20221207,1
000279,20221208,1
000279,20221209,1
000279,20221210,1
000280,20221013,1
000280,20221014,1
000280,20221015,1
000280,20221016,1
000280,20221017,1
000280,20221018,1
000280,20221019,1
000280,20221020,1
000280,20221021,1
000280,20221024,1
000280,20221025,1
000280,20221026,1
000280,20221027,1
000280,20221028,1
000280,20221101,1
000280,20221103,1
000280,20221106,1
000280,20221107,1
000280,20221108,1
000280,20221109,1
000280,20221110,1
000280,20221111,1
000280,20221113,1
000280,20221114,1
000280,20221115,1
000280,20221116,1
000280,20221117,1
000280,20221118,1
000280,20221119,1
000280,20221120,1
000280,20221121,1
000280,20221122,1
000280,20221123,1
000280,20221124,1
000280,20221125,1
000280,20221126,1
000280,20221127,1
000281,20221022,1
000281,20221023,1
000281,20221029,1
000281,20221102,1
000281,20221104,1
000281,20221105,1
000282,20221211,1
000282,20221212,1
000282,20221213,1
000282,20221214,1
000282,20221215,1
000282,20221216,1
000282,20221219,1
000282,20221220,1
000282,20221221,1
000282,20221222,1
000282,20221223,1
000282,20221224,1
000282,20221225,1
000282,20221227,1
000282,20221228,1
000282,20221229,1
000282,20221231,1
000282,20230101,1
000282,20230102,1
000282,20230103,1
000282,20230104,1
000282,20230105,1
000282,20230106,1
000282,20230107,1
000282,20230108,1
000283,20221217,1
000283,20221218,1
000283,20221226,1
000283,20221230,1
000284,20221016,1
000284,20221023,1
000284,20221101,1
000284,20221106,1
000284,20221113,1
000284,20221120,1
000284,20221127,1
000284,20221204,1
000285,20221128,1
000285,20221129,1
000285,20221130,1
000285,20221201,1
000285,20221202,1
000285,20221203,1
000285,20221205,1
000285,20221206,1
000285,20221207,1
000285,20221208,1
000285,20221209,1
000285,20221210,1
000286,20221013,1
000286,20221014,1
000286,20221015,1
000286,20221017,1
000286,20221018,1
000286,20221019,1
000286,20221020,1
000286,20221021,1
000286,20221024,1
000286,20221025,1
000286,20221026,1
000286,20221027,1
000286,20221102,1
000286,20221103,1
000286,20221104,1
000286,20221107,1
000286,20221108,1
000286,20221109,1
000286,20221110,1
000286,20221111,1
000286,20221114,1
000286,20221115,1
000286,20221116,1
000286,20221117,1
000286,20221118,1
000286,20221119,1
000286,20221121,1
000286,20221122,1
000286,20221123,1
000286,20221124,1
000286,20221125,1
000286,20221126,1
000287,20221022,1
000287,20221028,1
000287,20221105,1
000288,20221211,1
000288,20221212,1
000288,20221213,1
000288,20221214,1
000288,20221215,1
000288,20221216,1
000288,20221218,1
000288,20221219,1
000288,20221220,1
000288,20221221,1
000288,20221222,1
000288,20221224,1
000288,20221225,1
000288,20221227,1
000288,20221228,1
000288,20221229,1
000288,20221231,1
000288,20230101,1
000288,20230102,1
000288,20230103,1
000288,20230104,1
000288,20230105,1
000288,20230106,1
000288,20230107,1
000288,20230108,1
000288,20230109,1
000288,20230110,1
000288,20230111,1
000289,20221217,1
000289,20221223,1
000289,20221226,1
000289,20221230,1
000290,20221013,1
000290,20221014,1
000290,20221015,1
000290,20221016,1
000290,20221017,1
000290,20221018,1
000290,20221019,1
000290,20221020,1
000290,20221021,1
000290,20221022,1
000290,20221023,1
000290,20221024,1
000290,20221025,1
000290,20221026,1
000290,20221027,1
000290,20221028,1
000290,20221029,1
000290,20221101,1
000290,20221102,1
000290,20221103,1
000290,20221104,1
000290,20221105,1
000290,20221106,1
000290,20221107,1
000290,20221108,1
000290,20221109,1
000290,20221110,1
000290,20221111,1
000290,20221113,1
000290,20221114,1
000290,20221115,1
000290,20221116,1
000290,20221117,1
000290,20221118,1
000290,20221119,1
000290,20221125,1
000290,20221126,1
000290,20221202,1
000290,20221203,1
000290,20221204,1
000290,20221205,1
000290,20221206,1
000290,20221207,1
000290,20221208,1
000290,20221209,1
000290,20221210,1
000291,20221013,1
000291,20221014,1
000291,20221016,1
000291,20221020,1
000291,20221021,1
000291,20221023,1
000291,20221027,1
000291,20221028,1
000291,20221103,1
000291,20221104,1
000291,20221106,1
000291,20221110,1
000291,20221113,1
000291,20221117,1
000291,20221118,1
000291,20221120,1
000291,20221124,1
000291,20221125,1
000291,20221127,1
000292,20221017,1
000292,20221018,1
000292,20221019,1
000292,20221024,1
000292,20221025,1
000292,20221026,1
000292,20221101,1
000292,20221102,1
000292,20221107,1
000292,20221108,1
000292,20221109,1
000292,20221114,1
000292,20221115,1
000292,20221116,1
000292,20221121,1
000292,20221122,1
000292,20221123,1
000293,20221201,1
000293,20221202,1
000293,20221204,1
000293,20221208,1
000293,20221209,1
000294,20221211,1
000294,20221215,1
000294,20221216,1
000294,20221218,1
000294,20221222,1
000294,20221223,1
000294,20221225,1
000294,20221229,1
000294,20221230,1
000294,20230101,1
000294,20230105,1
000294,20230106,1
000294,20230108,1
000295,20221212,1
000295,20221213,1
000295,20221214,1
000295,20221219,1
000295,20221220,1
000295,20221221,1
000295,20221226,1
000295,20221227,1
000295,20221228,1
000295,20230102,1
000295,20230103,1
000295,20230104,1
000295,20230109,1
000295,20230110,1
000295,20230111,1
000296,20221014,1
000296,20221015,1
000296,20221017,1
000296,20221021,1
000296,20221022,1
000296,20221024,1
000296,20221028,1
000296,20221029,1
000296,20221104,1
000296,20221105,1
000296,20221107,1
000296,20221111,1
000296,20221114,1
000296,20221118,1
000296,20221119,1
000296,20221126,1
000296,20221203,1
000296,20221205,1
000296,20221209,1
000296,20221210,1
000297,20221013,1
000297,20221018,1
000297,20221019,1
000297,20221020,1
000297,20221025,1
000297,20221026,1
000297,20221027,1
000297,20221102,1
000297,20221103,1
000297,20221108,1
000297,20221109,1
000297,20221110,1
000297,20221115,1
000297,20221116,1
000297,20221117,1
000297,20221206,1
000297,20221207,1
000297,20221208,1
000298,20221121,1
000298,20221125,1
000298,20221128,1
000298,20221202,1
000299,20221122,1
000299,20221123,1
000299,20221124,1
000299,20221129,1
000299,20221130,1
000299,20221201,1
000300,20221212,1
000300,20221216,1
000300,20221217,1
000300,20221219,1
000300,20221223,1
000300,20221224,1
000300,20221226,1
000300,20221230,1
000300,20221231,1
000300,20230102,1
000300,20230106,1
000300,20230107,1
000300,20230109,1
000301,20221213,1
000301,20221214,1
000301,20221215,1
000301,20221220,1
000301,20221221,1
000301,20221222,1
000301,20221227,1
000301,20221228,1
000301,20221229,1
000301,20230103,1
000301,20230104,1
000301,20230105,1
000301,20230110,1
000301,20230111,1
000302,20221013,1
000302,20221014,1
000302,20221015,1
000302,20221016,1
000302,20221017,1
000302,20221018,1
000302,20221019,1
000302,20221020,1
000302,20221021,1
000302,20221022,1
000302,20221024,1
000302,20221025,1
000302,20221026,1
000302,20221027,1
000302,20221028,1
000302,20221102,1
000302,20221103,1
000302,20221104,1
000302,20221105,1
000302,20221107,1
000302,20221108,1
000302,20221109,1
000302,20221110,1
000302,20221111,1
000302,20221113,1
000302,20221114,1
000302,20221115,1
000302,20221116,1
000302,20221117,1
000302,20221118,1
000302,20221119,1
000302,20221120,1
000302,20221126,1
000302,20221127,1
000303,20221023,1
000303,20221029,1
000303,20221106,1
000304,20221211,1
000304,20221212,1
000304,20221213,1
000304,20221214,1
000304,20221215,1
000304,20221216,1
000304,20221217,1
000304,20221219,1
000304,20221220,1
000304,20221221,1
000304,20221222,1
000304,20221223,1
000304,20221225,1
000304,20221226,1
000304,20221228,1
000304,20221229,1
000304,20221230,1
000304,20230101,1
000304,20230102,1
000304,20230103,1
000304,20230104,1
000304,20230105,1
000304,20230106,1
000304,20230107,1
000304,20230108,1
000304,20230109,1
000304,20230110,1
000304,20230111,1
000305,20221218,1
000305,20221224,1
000305,20221227,1
000305,20221231,1
000306,20221013,1
000306,20221014,1
000306,20221015,1
000306,20221016,1
000306,20221017,1
000306,20221018,1
000306,20221019,1
000306,20221020,1
000306,20221021,1
000306,20221024,1
000306,20221025,1
000306,20221026,1
000306,20221027,1
000306,20221028,1
000306,20221101,1
000306,20221103,1
000306,20221107,1
000306,20221108,1
000306,20221109,1
000306,20221110,1
000306,20221111,1
000306,20221113,1
000306,20221114,1
000306,20221115,1
000306,20221116,1
000306,20221117,1
000306,20221118,1
000306,20221119,1
000306,20221120,1
000306,20221121,1
000306,20221122,1
000306,20221123,1
000306,20221124,1
000306,20221125,1
000306,20221126,1
000306,20221127,1
000307,20221022,1
000307,20221023,1
000307,20221029,1
000307,20221102,1
000307,20221104,1
000307,20221105,1
000307,20221106,1
000308,20221214,1
000308,20221221,1
000308,20221228,1
000308,20230104,1
000308,20230111,1
000309,20221211,1
000309,20221212,1
000309,20221213,1
000309,20221215,1
000309,20221216,1
000309,20221219,1
000309,20221220,1
000309,20221222,1
000309,20221223,1
000309,20221225,1
000309,20221226,1
000309,20221227,1
000309,20221229,1
000309,20230101,1
000309,20230102,1
000309,20230103,1
000309,20230105,1
000309,20230106,1
000309,20230107,1
000309,20230108,1
000309,20230109,1
000309,20230110,1
000310,20221217,1
000310,20221218,1
000310,20221224,1
000310,20221230,1
000310,20221231,1
000311,20221013,1
000311,20221014,1
000311,20221015,1
000311,20221016,1
000311,20221017,1
000311,20221018,1
000311,20221019,1
000311,20221020,1
000311,20221021,1
000311,20221024,1
000311,20221025,1
000311,20221027,1
000311,20221029,1
000311,20221101,1
000311,20221103,1
000311,20221106,1
000311,20221107,1
000311,20221108,1
000311,20221109,1
000311,20221110,1
000311,20221111,1
000311,20221113,1
000311,20221114,1
000311,20221115,1
000311,20221116,1
000311,20221117,1
000311,20221118,1
000311,20221119,1
000311,20221120,1
000311,20221121,1
000311,20221122,1
000311,20221123,1
000311,20221124,1
000311,20221125,1
000311,20221126,1
000311,20221127,1
000312,20221211,1
000312,20221212,1
000312,20221213,1
000312,20221214,1
000312,20221215,1
000312,20221216,1
000312,20221219,1
000312,20221220,1
000312,20221221,1
000312,20221222,1
000312,20221224,1
000312,20221225,1
000312,20221226,1
000312,20221228,1
000312,20230101,1
000312,20230102,1
000312,20230103,1
000312,20230104,1
000312,20230105,1
000312,20230106,1
000312,20230107,1
000312,20230108,1
000312,20230109,1
000312,20230110,1
000312,20230111,1
000313,20221217,1
000313,20221218,1
000313,20221223,1
000313,20221227,1
000313,20221229,1
000313,20221230,1
000313,20221231,1
000314,20221022,1
000314,20221023,1
000314,20221026,1
000314,20221028,1
000314,20221102,1
000314,20221104,1
000314,20221105,1
000315,20221015,1
000315,20221016,1
000315,20221029,1
000315,20221106,1
000315,20221113,1
000315,20221119,1
000315,20221120,1
000315,20221126,1
000315,20221127,1
000316,20221013,1
000316,20221018,1
000316,20221019,1
000316,20221020,1
000316,20221025,1
000316,20221026,1
000316,20221027,1
000316,20221102,1
000316,20221103,1
000316,20221108,1
000316,20221109,1
000316,20221110,1
000316,20221115,1
000316,20221116,1
000316,20221117,1
000316,20221122,1
000316,20221123,1
000316,20221124,1
000317,20221014,1
000317,20221017,1
000317,20221021,1
000317,20221107,1
000317,20221111,1
000317,20221114,1
000317,20221118,1
000317,20221121,1
000317,20221125,1
000318,20221024,1
000318,20221028,1
000318,20221104,1
000319,20221128,1
000319,20221202,1
000319,20221205,1
000319,20221209,1
000320,20221129,1
000320,20221130,1
000320,20221201,1
000320,20221206,1
000320,20221207,1
000320,20221208,1
000321,20221213,1
000321,20221214,1
000321,20221215,1
000321,20221220,1
000321,20221221,1
000321,20221222,1
000321,20221228,1
000321,20230103,1
000321,20230104,1
000321,20230105,1
000321,20230110,1
000321,20230111,1
000322,20221211,1
000322,20221212,1
000322,20221216,1
000322,20221219,1
000322,20221223,1
000322,20221224,1
000322,20221225,1
000322,20221226,1
000322,20221230,1
000322,20221231,1
000322,20230101,1
000322,20230102,1
000322,20230106,1
000322,20230107,1
000322,20230108,1
000322,20230109,1
000323,20221227,1
000323,20221229,1
000324,20221217,1
000324,20221218,1
000325,20221015,1
000325,20221016,1
000325,20221022,1
000325,20221023,1
000325,20221029,1
000325,20221105,1
000325,20221106,1
000325,20221113,1
000325,20221119,1
000325,20221120,1
000325,20221126,1
000325,20221127,1
000326,20221013,1
000326,20221014,1
000326,20221017,1
000326,20221018,1
000326,20221019,1
000326,20221020,1
000326,20221021,1
000326,20221024,1
000326,20221025,1
000326,20221026,1
000326,20221027,1
000326,20221028,1
000326,20221101,1
000326,20221102,1
000326,20221103,1
000326,20221104,1
000326,20221107,1
000326,20221108,1
000326,20221109,1
000326,20221110,1
000326,20221111,1
000326,20221114,1
000326,20221115,1
000326,20221116,1
000326,20221117,1
000326,20221118,1
000326,20221121,1
000326,20221122,1
000326,20221123,1
000326,20221124,1
000326,20221125,1
000327,20221128,1
000327,20221129,1
000327,20221130,1
000327,20221201,1
000327,20221202,1
000327,20221205,1
000327,20221206,1
000327,20221207,1
000327,20221208,1
000327,20221209,1
000328,20221013,1
000328,20221014,1
000328,20221015,1
000328,20221016,1
000328,20221017,1
000328,20221018,1
000328,20221019,1
000328,20221020,1
000328,20221021,1
000328,20221022,1
000328,20221023,1
000328,20221024,1
000328,20221025,1
000328,20221026,1
000328,20221027,1
000328,20221028,1
000328,20221029,1
000328,20221101,1
000328,20221102,1
000328,20221103,1
000328,20221104,1
000328,20221105,1
000328,20221106,1
000328,20221107,1
000328,20221108,1
000328,20221109,1
000328,20221110,1
000328,20221111,1
000328,20221113,1
000328,20221114,1
000328,20221115,1
000328,20221116,1
000328,20221117,1
000328,20221118,1
000328,20221119,1
000328,20221120,1
000328,20221126,1
000328,20221127,1
000329,20221017,1
000329,20221018,1
000329,20221019,1
000329,20221024,1
000329,20221025,1
000329,20221026,1
000329,20221102,1
000329,20221107,1
000329,20221108,1
000329,20221109,1
000329,20221114,1
000329,20221115,1
000329,20221116,1
000329,20221121,1
000329,20221122,1
000329,20221123,1
000329,20221128,1
000329,20221129,1
000329,20221130,1
000329,20221205,1
000329,20221206,1
000329,20221207,1
000330,20221215,1
000330,20221216,1
000330,20221222,1
000330,20221223,1
000330,20221229,1
000330,20221230,1
000330,20230105,1
000330,20230106,1
000331,20221013,1
000331,20221014,1
000331,20221020,1
000331,20221021,1
000331,20221027,1
000331,20221028,1
000331,20221103,1
000331,20221104,1
000331,20221110,1
000331,20221117,1
000331,20221118,1
000331,20221124,1
000331,20221125,1
000331,20221201,1
000331,20221202,1
000331,20221208,1
000331,20221209,1
000332,20221118,1
000332,20221125,1
000333,20221014,1
000333,20221016,1
000333,20221021,1
000333,20221022,1
000333,20221023,1
000333,20221024,1
000333,20221025,1
000333,20221026,1
000333,20221027,1
000333,20221028,1
000333,20221029,1
000333,20221030,1
000333,20221031,1
000333,20221101,1
000333,20221102,1
000333,20221103,1
000333,20221104,1
000333,20221105,1
000333,20221106,1
000333,20221110,1
000333,20221111,1
000333,20221113,1
000333,20221120,1
000333,20221127,1
000333,20221202,1
000333,20221204,1
000333,20221209,1
000334,20221016,1
000334,20221022,1
000334,20221023,1
000334,20221024,1
000334,20221025,1
000334,20221026,1
000334,20221027,1
000334,20221029,1
000334,20221030,1
000334,20221031,1
000334,20221101,1
000334,20221102,1
000334,20221103,1
000334,20221105,1
000334,20221106,1
000334,20221111,1
000334,20221113,1
000334,20221120,1
000334,20221204,1
000335,20221014,1
000335,20221021,1
000335,20221028,1
000335,20221104,1
000335,20221110,1
000335,20221125,1
000335,20221202,1
000335,20221209,1
000336,20221216,1
000336,20221222,1
000336,20221229,1
000337,20230111,1
000338,20230110,1
000339,20230104,1
000340,20221211,1
000340,20221212,1
000340,20221213,1
000340,20221214,1
000340,20221215,1
000340,20221217,1
000340,20221218,1
000340,20221219,1
000340,20221220,1
000340,20221221,1
000340,20221223,1
000340,20221224,1
000340,20221225,1
000340,20221226,1
000340,20221227,1
000340,20221228,1
000340,20221230,1
000340,20221231,1
000340,20230101,1
000340,20230102,1
000340,20230103,1
000340,20230105,1
000340,20230106,1
000340,20230107,1
000340,20230108,1
000341,20221017,1
000341,20221018,1
000341,20221031,1
000341,20221110,1
000342,20221021,1
000342,20221114,1
000342,20221115,1
000342,20221116,1
000342,20221117,1
000342,20221118,1
000343,20221126,1
000343,20221127,1
000343,20221203,1
000343,20221204,1
000344,20221205,1
000344,20221208,1
000345,20221121,1
000345,20221122,1
000345,20221123,1
000345,20221124,1
000345,20221125,1
000345,20221128,1
000345,20221129,1
000345,20221130,1
000345,20221202,1
000345,20221206,1
000345,20221207,1
000345,20221209,1
000346,20221013,1
000346,20221014,1
000346,20221019,1
000346,20221020,1
000346,20221024,1
000346,20221025,1
000346,20221026,1
000346,20221028,1
000346,20221102,1
000346,20221104,1
000346,20221107,1
000346,20221108,1
000346,20221109,1
000347,20221105,1
000347,20221106,1
000347,20221112,1
000347,20221113,1
000347,20221119,1
000347,20221120,1
000348,20221029,1
000348,20221030,1
000348,20221101,1
000348,20221111,1
000348,20221210,1
000349,20221021,1
000349,20221029,1
000349,20221030,1
000349,20221101,1
000349,20221121,1
000349,20221122,1
000349,20221123,1
000349,20221124,1
000349,20221125,1
000349,20221128,1
000349,20221129,1
000349,20221130,1
000349,20221202,1
000349,20221206,1
000349,20221207,1
000349,20221210,1
000350,20221017,1
000350,20221018,1
000351,20221024,1
000351,20221025,1
000351,20221026,1
000351,20221027,1
000351,20221028,1
000351,20221209,1
000352,20221031,1
000352,20221201,1
000352,20221205,1
000353,20230109,1
000353,20230110,1
000354,20221211,1
000354,20221217,1
000354,20221218,1
000354,20221219,1
000354,20221220,1
000354,20221221,1
000354,20221223,1
000354,20221224,1
000354,20221225,1
000354,20221227,1
000354,20221228,1
000354,20221231,1
000354,20230101,1
000354,20230102,1
000354,20230103,1
000354,20230104,1
000354,20230106,1
000354,20230107,1
000354,20230108,1
000355,20221212,1
000355,20221214,1
000355,20221215,1
000356,20221105,1
000356,20221106,1
000356,20221113,1
000356,20221119,1
000356,20221120,1
000356,20221203,1
000356,20221204,1
000357,20221203,1
000357,20221210,1
000358,20221016,1
000358,20221023,1
000358,20221030,1
000358,20221101,1
000358,20221106,1
000358,20221113,1
000358,20221120,1
000359,20221017,1
000359,20221018,1
000359,20221019,1
000359,20221020,1
000359,20221021,1
000359,20221024,1
000359,20221025,1
000359,20221026,1
000359,20221027,1
000359,20221028,1
000359,20221031,1
000360,20221029,1
000360,20221105,1
000360,20221119,1
000361,20221013,1
000361,20221014,1
000361,20221017,1
000361,20221018,1
000361,20221019,1
000361,20221020,1
000361,20221021,1
000362,20221024,1
000362,20221025,1
000362,20221026,1
000362,20221027,1
000362,20221028,1
000362,20221102,1
000362,20221103,1
000362,20221104,1
000362,20221107,1
000362,20221108,1
000362,20221109,1
000362,20221110,1
000362,20221114,1
000362,20221115,1
000362,20221116,1
000362,20221117,1
000362,20221118,1
000362,20221121,1
000362,20221122,1
000362,20221123,1
000362,20221124,1
000362,20221125,1
000362,20221128,1
000362,20221129,1
000362,20221130,1
000362,20221201,1
000362,20221202,1
000362,20221205,1
000362,20221206,1
000362,20221207,1
000362,20221208,1
000362,20221209,1
000363,20221029,1
000363,20221101,1
000364,20221111,1
000364,20221210,1
000365,20221212,1
000365,20221213,1
000365,20221214,1
000365,20221215,1
000365,20221216,1
000365,20221219,1
000365,20221220,1
000365,20221221,1
000365,20221222,1
000365,20221223,1
000365,20221226,1
000365,20221227,1
000365,20221228,1
000365,20221229,1
000365,20221230,1
000366,20230102,1
000366,20230103,1
000366,20230104,1
000366,20230105,1
000366,20230106,1
000366,20230109,1
000366,20230110,1
000366,20230111,1
000367,20221105,1
000367,20221112,1
000367,20221119,1
000367,20221126,1
000367,20221127,1
000367,20221203,1
000367,20221204,1
000368,20221207,1
000368,20221208,1
000369,20221108,1
000369,20221109,1
000369,20221114,1
000369,20221115,1
000369,20221116,1
000369,20221117,1
000370,20221121,1
000370,20221122,1
000370,20221123,1
000370,20221124,1
000370,20221128,1
000370,20221129,1
000370,20221130,1
000370,20221201,1
000371,20221027,1
000371,20221103,1
000372,20221030,1
000372,20221113,1
000372,20221127,1
000373,20221106,1
000373,20221120,1
000374,20221029,1
000374,20221105,1
000374,20221119,1
000374,20221210,1
000375,20221104,1
000375,20221125,1
000375,20221202,1
000376,20221211,1
000376,20221217,1
000376,20221225,1
000376,20230101,1
000377,20221212,1
000377,20221219,1
000378,20221216,1
000378,20221223,1
000378,20221227,1
000378,20221228,1
000378,20221229,1
000378,20221230,1
000379,20221226,1
000379,20230102,1
000380,20221213,1
000380,20221214,1
000380,20221215,1
000380,20221220,1
000380,20221221,1
000380,20221222,1
000381,20221212,1
000381,20221213,1
000381,20221214,1
000381,20221215,1
000381,20221219,1
000381,20221220,1
000381,20221221,1
000381,20221222,1
000382,20221211,1
000382,20221217,1
000382,20221223,1
000382,20221225,1
000382,20221226,1
000382,20221227,1
000382,20221228,1
000382,20221229,1
000382,20221230,1
000382,20230101,1
000383,20221013,1
000383,20221014,1
000383,20221018,1
000383,20221019,1
000383,20221020,1
000383,20221021,1
000383,20221025,1
000383,20221026,1
000383,20221027,1
000383,20221028,1
000383,20221103,1
000383,20221104,1
000383,20221108,1
000383,20221109,1
000383,20221110,1
000383,20221115,1
000383,20221116,1
000383,20221117,1
000383,20221118,1
000383,20221122,1
000383,20221123,1
000383,20221124,1
000383,20221125,1
000383,20221129,1
000383,20221130,1
000383,20221201,1
000383,20221202,1
000383,20221206,1
000383,20221207,1
000383,20221208,1
000383,20221209,1
000384,20221017,1
000384,20221024,1
000384,20221102,1
000384,20221107,1
000384,20221114,1
000384,20221121,1
000384,20221128,1
000384,20221205,1
000385,20221213,1
000385,20221214,1
000385,20221215,1
000385,20221216,1
000385,20221220,1
000385,20221221,1
000385,20221222,1
000385,20221223,1
000385,20221227,1
000385,20221228,1
000385,20221229,1
000385,20221230,1
000385,20230103,1
000385,20230104,1
000385,20230105,1
000385,20230106,1
000385,20230110,1
000385,20230111,1
000386,20221212,1
000386,20221219,1
000386,20221226,1
000386,20230102,1
000386,20230109,1
000387,20221014,1
000387,20221017,1
000387,20221118,1
000388,20221105,1
000388,20221107,1
000388,20221112,1
000388,20221114,1
000388,20221126,1
000388,20221128,1
000388,20221203,1
000388,20221205,1
000389,20221212,1
000389,20221226,1
000389,20221227,1
000389,20221228,1
000389,20221229,1
000389,20221230,1
000389,20221231,1
000389,20230102,1
000389,20230103,1
000389,20230104,1
000389,20230105,1
000389,20230106,1
000389,20230107,1
000389,20230109,1
000390,20221213,1
000390,20221214,1
000390,20221215,1
000390,20221216,1
000390,20221217,1
000390,20221220,1
000390,20221221,1
000390,20221222,1
000390,20221223,1
000390,20221224,1
000391,20221013,1
000391,20221018,1
000391,20221019,1
000391,20221020,1
000391,20221021,1
000391,20221022,1
000391,20221024,1
000391,20221025,1
000391,20221028,1
000391,20221029,1
000391,20221031,1
000391,20221102,1
000391,20221103,1
000391,20221104,1
000391,20221108,1
000391,20221109,1
000391,20221110,1
000391,20221111,1
000391,20221115,1
000391,20221116,1
000391,20221117,1
000391,20221122,1
000391,20221123,1
000391,20221124,1
000391,20221125,1
000391,20221129,1
000391,20221130,1
000391,20221201,1
000391,20221202,1
000391,20221206,1
000391,20221207,1
000391,20221208,1
000391,20221209,1
000391,20221210,1
000392,20221026,1
000392,20221027,1
000393,20221212,1
000393,20221213,1
000393,20221214,1
000393,20221215,1
000393,20221216,1
000393,20221219,1
000393,20221220,1
000393,20221221,1
000393,20221222,1
000393,20221223,1
000393,20221226,1
000393,20221227,1
000393,20221228,1
000393,20221229,1
000393,20221230,1
000393,20230102,1
000393,20230103,1
000393,20230104,1
000393,20230105,1
000393,20230106,1
000393,20230109,1
000393,20230110,1
000393,20230111,1
000394,20221013,1
000394,20221014,1
000394,20221017,1
000394,20221018,1
000394,20221019,1
000394,20221020,1
000394,20221021,1
000394,20221025,1
000394,20221026,1
000394,20221027,1
000394,20221028,1
000394,20221030,1
000394,20221031,1
000394,20221102,1
000394,20221103,1
000394,20221108,1
000394,20221109,1
000394,20221110,1
000394,20221111,1
000394,20221122,1
000394,20221123,1
000394,20221124,1
000394,20221125,1
000394,20221129,1
000394,20221130,1
000394,20221201,1
000394,20221202,1
000394,20221206,1
000394,20221207,1
000394,20221208,1
000394,20221209,1
000394,20221210,1
000395,20221022,1
000395,20221023,1
000395,20221024,1
000395,20221029,1
000395,20221101,1
000395,20221104,1
000396,20221217,1
000396,20221218,1
000396,20221223,1
000396,20221228,1
000396,20221229,1
000396,20221230,1
000397,20221211,1
000397,20221212,1
000397,20221213,1
000397,20221214,1
000397,20221215,1
000397,20221216,1
000397,20221220,1
000397,20221221,1
000397,20221222,1
000397,20221224,1
000397,20221225,1
000397,20221226,1
000397,20221227,1
000397,20221231,1
000397,20230101,1
000397,20230102,1
000397,20230103,1
000397,20230104,1
000397,20230105,1
000397,20230106,1
000397,20230107,1
000397,20230108,1
000397,20230109,1
000397,20230110,1
000397,20230111,1
000398,20221107,1
000398,20221121,1
000398,20221128,1
000398,20221205,1
000399,20221106,1
000399,20221112,1
000399,20221113,1
000399,20221126,1
000399,20221127,1
000399,20221203,1
000399,20221204,1
000400,20221015,1
000400,20221022,1
000400,20221029,1
000400,20221111,1
000400,20221210,1
000401,20221105,1
000401,20221112,1
000401,20221119,1
000401,20221126,1
000401,20221203,1
000402,20221013,1
000402,20221018,1
000402,20221019,1
000402,20221020,1
000402,20221021,1
000402,20221022,1
000402,20221023,1
000402,20221024,1
000402,20221025,1
000402,20221026,1
000402,20221027,1
000402,20221028,1
000402,20221029,1
000402,20221030,1
000402,20221101,1
000402,20221102,1
000402,20221103,1
000402,20221104,1
000402,20221107,1
000402,20221108,1
000402,20221109,1
000402,20221110,1
000402,20221111,1
000402,20221128,1
000402,20221129,1
000402,20221130,1
000402,20221201,1
000402,20221202,1
000402,20221205,1
000402,20221206,1
000402,20221207,1
000402,20221208,1
000402,20221209,1
000402,20221210,1
000403,20221014,1
000403,20221017,1
000404,20221105,1
000404,20221106,1
000404,20221112,1
000404,20221113,1
000404,20221126,1
000404,20221127,1
000404,20221203,1
000404,20221204,1
000405,20221017,1
000405,20221020,1
000406,20221013,1
000406,20221014,1
000406,20221018,1
000406,20221019,1
000406,20221021,1
000406,20221022,1
000406,20221023,1
000406,20221024,1
000406,20221025,1
000406,20221026,1
000406,20221027,1
000406,20221028,1
000406,20221029,1
000406,20221030,1
000406,20221031,1
000406,20221101,1
000406,20221102,1
000406,20221103,1
000406,20221104,1
000406,20221107,1
000406,20221108,1
000406,20221109,1
000406,20221110,1
000406,20221111,1
000406,20221115,1
000406,20221116,1
000406,20221117,1
000406,20221118,1
000406,20221122,1
000406,20221123,1
000406,20221124,1
000406,20221125,1
000406,20221128,1
000406,20221129,1
000406,20221130,1
000406,20221201,1
000406,20221202,1
000406,20221205,1
000406,20221206,1
000406,20221207,1
000406,20221208,1
000406,20221209,1
000406,20221210,1
000407,20221114,1
000407,20221121,1
000408,20221211,1
000408,20221213,1
000408,20221214,1
000408,20221216,1
000408,20221217,1
000408,20221218,1
000408,20221219,1
000408,20221220,1
000408,20221221,1
000408,20221222,1
000408,20221223,1
000408,20221224,1
000408,20221225,1
000408,20221226,1
000408,20221227,1
000408,20221228,1
000408,20221229,1
000408,20221230,1
000408,20221231,1
000408,20230101,1
000408,20230102,1
000408,20230103,1
000408,20230104,1
000408,20230105,1
000408,20230106,1
000408,20230107,1
000408,20230108,1
000408,20230109,1
000408,20230110,1
000408,20230111,1
000409,20221013,1
000409,20221018,1
000409,20221019,1
000409,20221020,1
000409,20221021,1
000409,20221022,1
000409,20221023,1
000409,20221024,1
000409,20221025,1
000409,20221026,1
000409,20221027,1
000409,20221028,1
000409,20221029,1
000409,20221030,1
000409,20221031,1
000409,20221101,1
000409,20221102,1
000409,20221103,1
000409,20221104,1
000409,20221107,1
000409,20221108,1
000409,20221109,1
000409,20221110,1
000409,20221111,1
000409,20221114,1
000409,20221115,1
000409,20221116,1
000409,20221117,1
000409,20221122,1
000409,20221123,1
000409,20221124,1
000409,20221125,1
000409,20221128,1
000409,20221129,1
000409,20221130,1
000409,20221201,1
000409,20221202,1
000409,20221205,1
000409,20221206,1
000409,20221207,1
000409,20221208,1
000409,20221209,1
000409,20221210,1
000410,20221014,1
000410,20221017,1
000410,20221118,1
000410,20221121,1
000411,20221211,1
000411,20221212,1
000411,20221213,1
000411,20221214,1
000411,20221215,1
000411,20221216,1
000411,20221217,1
000411,20221218,1
000411,20221219,1
000411,20221222,1
000411,20221223,1
000411,20221224,1
000411,20221225,1
000411,20221226,1
000411,20221227,1
000411,20221228,1
000411,20221229,1
000411,20221230,1
000411,20221231,1
000411,20230101,1
000411,20230102,1
000411,20230103,1
000411,20230104,1
000411,20230105,1
000411,20230106,1
000411,20230107,1
000411,20230108,1
000411,20230109,1
000411,20230110,1
000411,20230111,1
000412,20221220,1
000412,20221221,1
000413,20221105,1
000413,20221112,1
000413,20221126,1
000413,20221203,1
000414,20221013,1
000414,20221014,1
000414,20221017,1
000414,20221018,1
000414,20221019,1
000414,20221020,1
000414,20221021,1
000414,20221022,1
000414,20221024,1
000414,20221025,1
000414,20221026,1
000414,20221027,1
000414,20221028,1
000414,20221029,1
000414,20221031,1
000414,20221102,1
000414,20221103,1
000414,20221104,1
000414,20221107,1
000414,20221108,1
000414,20221109,1
000414,20221110,1
000414,20221111,1
000414,20221128,1
000414,20221129,1
000414,20221130,1
000414,20221201,1
000414,20221202,1
000414,20221205,1
000414,20221206,1
000414,20221207,1
000414,20221208,1
000414,20221209,1
000414,20221210,1
000415,20221014,1
000415,20221021,1
000415,20221028,1
000415,20221104,1
000415,20221110,1
000415,20221118,1
000415,20221125,1
000415,20221202,1
000415,20221209,1
000416,20221114,1
000416,20221115,1
000416,20221116,1
000416,20221117,1
000416,20221118,1
000417,20221121,1
000417,20221122,1
000417,20221123,1
000417,20221124,1
000417,20221125,1
000418,20221013,1
000418,20221014,1
000418,20221017,1
000418,20221018,1
000418,20221019,1
000418,20221020,1
000418,20221021,1
000418,20221022,1
000418,20221023,1
000418,20221024,1
000418,20221025,1
000418,20221026,1
000418,20221027,1
000418,20221028,1
000418,20221029,1
000418,20221030,1
000418,20221031,1
000418,20221101,1
000418,20221102,1
000418,20221103,1
000418,20221104,1
000418,20221107,1
000418,20221108,1
000418,20221109,1
000418,20221110,1
000418,20221111,1
000418,20221128,1
000418,20221129,1
000418,20221130,1
000418,20221201,1
000418,20221202,1
000418,20221205,1
000418,20221206,1
000418,20221207,1
000418,20221208,1
000418,20221209,1
000418,20221210,1
000419,20221125,1
000419,20221128,1
000420,20221013,1
000420,20221014,1
000420,20221017,1
000420,20221018,1
000420,20221019,1
000420,20221020,1
000420,20221021,1
000420,20221022,1
000420,20221023,1
000420,20221024,1
000420,20221025,1
000420,20221026,1
000420,20221027,1
000420,20221028,1
000420,20221029,1
000420,20221030,1
000420,20221031,1
000420,20221101,1
000420,20221102,1
000420,20221103,1
000420,20221104,1
000420,20221107,1
000420,20221108,1
000420,20221109,1
000420,20221110,1
000420,20221111,1
000420,20221114,1
000420,20221115,1
000420,20221116,1
000420,20221117,1
000420,20221118,1
000420,20221121,1
000420,20221122,1
000420,20221123,1
000420,20221124,1
000420,20221129,1
000420,20221130,1
000420,20221201,1
000420,20221202,1
000420,20221205,1
000420,20221206,1
000420,20221207,1
000420,20221208,1
000420,20221209,1
000420,20221210,1
000421,20221105,1
000421,20221106,1
000421,20221112,1
000421,20221113,1
000421,20221119,1
000421,20221120,1
000421,20221203,1
000421,20221204,1
000422,20221013,1
000422,20221014,1
000422,20221017,1
000422,20221018,1
000422,20221019,1
000422,20221020,1
000422,20221021,1
000422,20221024,1
000422,20221025,1
000422,20221026,1
000422,20221027,1
000422,20221028,1
000422,20221102,1
000422,20221103,1
000422,20221104,1
000422,20221107,1
000422,20221108,1
000422,20221109,1
000422,20221110,1
000422,20221114,1
000422,20221115,1
000422,20221116,1
000422,20221117,1
000422,20221118,1
000422,20221121,1
000422,20221122,1
000422,20221123,1
000422,20221124,1
000422,20221125,1
000422,20221128,1
000422,20221129,1
000422,20221130,1
000422,20221201,1
000422,20221202,1
000423,20221205,1
000423,20221206,1
000423,20221207,1
000423,20221208,1
000423,20221209,1
000424,20221106,1
000424,20221113,1
000424,20221120,1
000424,20221127,1
000424,20221204,1
000425,20221023,1
000425,20221030,1
000425,20221101,1
000426,20221013,1
000426,20221014,1
000426,20221017,1
000426,20221018,1
000426,20221019,1
000426,20221020,1
000426,20221021,1
000426,20221024,1
000426,20221025,1
000426,20221026,1
000426,20221027,1
000426,20221028,1
000426,20221030,1
000426,20221031,1
000426,20221103,1
000426,20221107,1
000426,20221108,1
000426,20221109,1
000426,20221110,1
000426,20221111,1
000426,20221114,1
000426,20221115,1
000426,20221116,1
000426,20221117,1
000426,20221118,1
000426,20221121,1
000426,20221122,1
000426,20221123,1
000426,20221124,1
000426,20221125,1
000426,20221128,1
000426,20221129,1
000426,20221130,1
000426,20221201,1
000426,20221202,1
000426,20221205,1
000426,20221206,1
000426,20221207,1
000426,20221208,1
000426,20221209,1
000426,20221210,1
000427,20221211,1
000427,20221212,1
000427,20221213,1
000427,20221214,1
000427,20221215,1
000427,20221216,1
000427,20221219,1
000427,20221220,1
000427,20221221,1
000427,20221222,1
000427,20221224,1
000427,20221225,1
000427,20221226,1
000427,20221227,1
000427,20221231,1
000427,20230101,1
000427,20230102,1
000427,20230103,1
000427,20230104,1
000427,20230105,1
000427,20230106,1
000427,20230107,1
000427,20230108,1
000427,20230109,1
000427,20230110,1
000427,20230111,1
000428,20221022,1
000428,20221023,1
000428,20221029,1
000428,20221101,1
000428,20221102,1
000428,20221104,1
000429,20221016,1
000429,20221023,1
000429,20221030,1
000429,20221101,1
000430,20221013,1
000430,20221014,1
000430,20221017,1
000430,20221018,1
000430,20221019,1
000430,20221020,1
000430,20221021,1
000430,20221023,1
000430,20221024,1
000430,20221025,1
000430,20221026,1
000430,20221027,1
000430,20221028,1
000430,20221030,1
000430,20221101,1
000430,20221102,1
000430,20221103,1
000430,20221104,1
000430,20221107,1
000430,20221108,1
000430,20221109,1
000430,20221110,1
000430,20221121,1
000430,20221122,1
000430,20221123,1
000430,20221124,1
000430,20221125,1
000430,20221128,1
000430,20221129,1
000430,20221130,1
000430,20221201,1
000430,20221202,1
000430,20221205,1
000430,20221206,1
000430,20221207,1
000430,20221208,1
000430,20221209,1
000431,20221017,1
000431,20221121,1
000432,20221013,1
000432,20221018,1
000432,20221019,1
000432,20221020,1
000432,20221022,1
000432,20221023,1
000432,20221024,1
000432,20221025,1
000432,20221026,1
000432,20221027,1
000432,20221029,1
000432,20221030,1
000432,20221031,1
000432,20221101,1
000432,20221102,1
000432,20221103,1
000432,20221107,1
000432,20221108,1
000432,20221109,1
000432,20221111,1
000432,20221116,1
000432,20221117,1
000432,20221122,1
000432,20221123,1
000432,20221124,1
000432,20221128,1
000432,20221129,1
000432,20221130,1
000432,20221201,1
000432,20221205,1
000432,20221206,1
000432,20221207,1
000432,20221208,1
000432,20221210,1
000433,20221114,1
000433,20221115,1
000434,20221106,1
000434,20221113,1
000434,20221127,1
000434,20221204,1
000435,20221211,1
000435,20221212,1
000435,20221213,1
000435,20221214,1
000435,20221215,1
000435,20221217,1
000435,20221218,1
000435,20221219,1
000435,20221220,1
000435,20221221,1
000435,20221222,1
000435,20221224,1
000435,20221225,1
000435,20221226,1
000435,20221227,1
000435,20221228,1
000435,20221229,1
000435,20221231,1
000435,20230101,1
000435,20230102,1
000435,20230103,1
000435,20230104,1
000435,20230105,1
000435,20230107,1
000435,20230108,1
000435,20230109,1
000435,20230110,1
000435,20230111,1
000436,20221022,1
000436,20221023,1
000436,20221029,1
000436,20221030,1
000436,20221031,1
000436,20221101,1
000436,20221210,1
000437,20221211,1
000437,20221217,1
000437,20221218,1
000437,20221224,1
000437,20221225,1
000437,20221226,1
000437,20221227,1
000437,20221228,1
000437,20221229,1
000437,20221230,1
000437,20221231,1
000437,20230101,1
000437,20230102,1
000437,20230103,1
000437,20230107,1
000437,20230108,1
000438,20230106,1
000439,20221104,1
000439,20221118,1
000439,20221125,1
000439,20221202,1
000440,20221013,1
000440,20221014,1
000440,20221017,1
000440,20221018,1
000440,20221019,1
000440,20221020,1
000440,20221021,1
000440,20221024,1
000440,20221027,1
000441,20221028,1
000441,20221102,1
000441,20221103,1
000441,20221107,1
000441,20221108,1
000441,20221109,1
000441,20221110,1
000441,20221114,1
000441,20221115,1
000441,20221116,1
000441,20221117,1
000441,20221121,1
000441,20221122,1
000441,20221123,1
000441,20221124,1
000441,20221128,1
000441,20221129,1
000441,20221130,1
000441,20221201,1
000442,20230104,1
000442,20230105,1
000443,20221212,1
000443,20221213,1
000443,20221214,1
000443,20221215,1
000443,20221216,1
000443,20221219,1
000443,20221220,1
000443,20221221,1
000443,20221222,1
000443,20221223,1
000444,20221025,1
000444,20221026,1
000000,20221013,1
000000,20221014,1
000000,20221015,1
000000,20221016,1
000000,20221017,1
000000,20221018,1
000000,20221019,1
000000,20221020,1
000000,20221021,1
000000,20221022,1
000000,20221023,1
000000,20221024,1
000000,20221025,1
000000,20221026,1
000000,20221027,1
000000,20221028,1
000000,20221029,1
000000,20221030,1
000000,20221031,1
000000,20221101,1
000000,20221102,1
000000,20221103,1
000000,20221104,1
000000,20221105,1
000000,20221106,1
000000,20221107,1
000000,20221108,1
000000,20221109,1
000000,20221110,1
000000,20221111,1
000000,20221112,1
000000,20221113,1
000000,20221114,1
000000,20221115,1
000000,20221116,1
000000,20221117,1
000000,20221118,1
000000,20221119,1
000000,20221120,1
000000,20221121,1
000000,20221122,1
000000,20221123,1
000000,20221124,1
000000,20221125,1
000000,20221126,1
000000,20221127,1
000000,20221128,1
000000,20221129,1
000000,20221130,1
000000,20221201,1
000000,20221202,1
000000,20221203,1
000000,20221204,1
000000,20221205,1
000000,20221206,1
000000,20221207,1
000000,20221208,1
000000,20221209,1
000000,20221210,1
000000,20221211,1
000000,20221212,1
000000,20221213,1
000000,20221214,1
000000,20221215,1
000000,20221216,1
000000,20221217,1
000000,20221218,1
000000,20221219,1
000000,20221220,1
000000,20221221,1
000000,20221222,1
000000,20221223,1
000000,20221224,1
000000,20221225,1
000000,20221226,1
000000,20221227,1
000000,20221228,1
000000,20221229,1
000000,20221230,1
000000,20221231,1
000000,20230101,1
000000,20230102,1
000000,20230103,1
000000,20230104,1
000000,20230105,1
000000,20230106,1
000000,20230107,1
000000,20230108,1
000000,20230109,1
000000,20230110,1
000000,20230111,1
