service_id,monday,tuesday,wednesday,thursday,friday,saturday,sunday,start_date,end_date
IDFM:TN:1,1,1,1,1,1,1,1,20221014,20221111
IDFM:TN:101,0,0,0,0,0,0,1,20221030,20221030
IDFM:TN:119,0,0,0,0,0,1,1,20221015,20221111
IDFM:TN:157,1,0,0,0,0,0,0,20221017,20221017
IDFM:TN:161,0,1,0,0,0,0,0,20221018,20221018
IDFM:TN:173,0,0,0,0,1,0,0,20221021,20221021
IDFM:TN:185,1,0,0,0,0,0,0,20221024,20221024
IDFM:TN:193,0,0,1,0,0,0,0,20221026,20221026
IDFM:TN:197,0,0,0,1,0,0,0,20221027,20221027
IDFM:TN:201,0,0,0,0,1,0,0,20221028,20221028
IDFM:TN:225,0,0,0,1,0,0,0,20221103,20221103
IDFM:TN:229,0,0,0,0,1,0,0,20221104,20221104
IDFM:TN:245,0,1,0,0,0,0,0,20221108,20221108
IDFM:TN:249,0,0,1,0,0,0,0,20221109,20221109
IDFM:TN:464,0,0,0,1,0,0,0,20221013,20221110
IDFM:TN:542,1,1,1,1,1,0,0,20221014,20221110
IDFM:TN:582,0,0,0,1,1,0,0,20221103,20221104
IDFM:TN:583,0,0,0,0,0,0,1,20221015,20221111
IDFM:TN:619,1,1,1,1,1,1,0,20221013,20221110
IDFM:TN:888,0,0,0,0,1,0,0,20221013,20221111
IDFM:TN:1000,1,1,1,1,1,0,0,20221013,20221110
IDFM:TN:1005,0,0,1,1,0,0,0,20221102,20221110
IDFM:TN:1016,0,0,1,1,1,0,0,20221013,20221104
IDFM:TN:1017,0,0,1,1,1,0,0,20221024,20221104
IDFM:TN:1020,1,1,1,1,1,1,1,20221013,20221110
IDFM:TN:1025,0,0,0,0,0,1,0,20221015,20221105
IDFM:TN:1033,0,0,1,1,1,1,0,20221015,20221105
IDFM:TN:1034,0,0,1,1,1,1,1,20221015,20221106
IDFM:TN:1036,0,0,0,0,0,1,1,20221015,20221106
IDFM:TN:1042,0,0,0,0,0,1,1,20221015,20221111
IDFM:TN:1056,0,0,0,0,0,0,1,20221016,20221106
IDFM:TN:1063,1,1,1,1,1,0,0,20221017,20221104
IDFM:TN:1066,0,0,0,0,0,1,1,20221022,20221023
IDFM:TN:1067,0,0,0,0,0,1,0,20221022,20221022
IDFM:TN:1099,1,1,1,1,1,0,0,20221024,20221028
IDFM:TN:1122,0,0,0,0,0,1,1,20221016,20221106
IDFM:TN:1165,0,0,0,0,0,1,0,20221029,20221029
IDFM:TN:1248,1,0,0,0,0,0,0,20221031,20221031
IDFM:TN:1254,0,0,0,0,0,1,0,20221015,20221105
IDFM:TN:1268,0,0,0,0,0,1,1,20221015,20221111
IDFM:TN:1391,0,0,0,0,0,1,0,20221015,20221022
IDFM:TN:1427,0,0,0,0,0,1,0,20221022,20221105
IDFM:TN:1503,0,0,0,0,0,1,1,20221015,20221111
IDFM:TN:1504,0,0,0,0,0,1,0,20221015,20221031
IDFM:TN:1689,0,0,0,0,0,1,0,20221015,20221105
IDFM:TN:1758,1,0,0,0,0,0,1,20221016,20221107
IDFM:TN:1759,0,0,0,0,0,0,1,20221016,20221111
IDFM:TN:1763,0,0,1,1,1,0,0,20221013,20221110
IDFM:TN:1805,1,0,1,1,1,0,0,20221024,20221028
IDFM:TN:1962,0,0,0,0,0,1,1,20221015,20221111
IDFM:TN:1993,0,0,0,0,0,1,0,20221015,20221111
IDFM:TN:2064,0,0,1,1,1,0,0,20221013,20221110
IDFM:TN:2069,1,1,1,1,1,0,0,20221017,20221110
IDFM:TN:2095,1,1,1,1,0,0,0,20221017,20221110
IDFM:TN:2096,1,1,1,1,1,0,0,20221024,20221110
IDFM:TN:2240,1,1,1,1,1,0,0,20221013,20221110
IDFM:TN:2242,1,1,1,1,1,0,0,20221013,20221110
IDFM:TN:2245,0,0,1,1,1,0,0,20221013,20221110
IDFM:TN:2246,0,0,1,1,1,0,0,20221013,20221110
IDFM:TN:2267,0,0,0,0,0,1,1,20221015,20221106
IDFM:TN:2268,0,0,0,0,0,1,0,20221015,20221105
IDFM:TN:2271,0,0,1,1,0,1,0,20221015,20221110
IDFM:TN:2324,0,0,1,1,1,0,0,20221014,20221110
IDFM:TN:2364,1,0,0,1,1,0,0,20221013,20221111
IDFM:TN:2365,1,0,0,1,1,0,0,20221013,20221110
IDFM:TN:2366,1,0,1,1,1,0,0,20221013,20221110
IDFM:TN:2367,1,1,1,1,1,0,0,20221013,20221110
IDFM:TN:2368,1,1,1,1,1,0,0,20221013,20221111
IDFM:TN:2370,0,0,0,0,0,1,0,20221015,20221111
IDFM:TN:2374,0,0,0,0,0,1,1,20221015,20221111
IDFM:TN:2378,0,0,0,0,0,0,1,20221016,20221111
IDFM:TN:2400,1,0,0,1,1,0,0,20221013,20221110
IDFM:TN:2460,1,0,0,1,1,0,0,20221013,20221110
IDFM:TN:2461,1,0,0,1,1,0,0,20221013,20221110
IDFM:TN:2462,1,0,0,1,1,0,0,20221013,20221111
IDFM:TN:2495,1,0,0,1,1,1,0,20221013,20221110
IDFM:TN:2498,1,0,0,1,1,1,1,20221013,20221111
IDFM:TN:2499,1,1,0,1,1,1,1,20221013,20221111
IDFM:TN:2500,1,0,0,1,1,0,0,20221013,20221110
IDFM:TN:2504,1,1,1,1,1,1,1,20221013,20221111
IDFM:TN:2536,1,1,1,1,1,0,0,20221015,20221110
IDFM:TN:2546,1,0,0,0,0,0,1,20221016,20221024
IDFM:TN:2560,0,1,1,0,0,0,0,20221018,20221026
IDFM:TN:2574,0,0,1,0,0,0,0,20221019,20221026
IDFM:TN:2576,0,0,1,0,0,0,0,20221025,20221102
IDFM:TN:2899,1,1,1,1,1,1,1,20221013,20221111
IDFM:TN:2905,1,0,0,0,1,1,1,20221015,20221111
IDFM:TN:2907,1,1,1,1,1,1,1,20221015,20221111
IDFM:TN:2917,0,0,0,0,0,0,1,20221016,20221111
IDFM:TN:2918,1,0,1,1,1,0,0,20221017,20221107
IDFM:TN:2923,0,0,0,0,0,1,0,20221015,20221105
IDFM:TN:2924,0,0,0,0,0,1,1,20221015,20221105
IDFM:TN:2926,0,0,0,0,0,0,1,20221016,20221106
IDFM:TN:2950,1,1,0,1,1,0,0,20221013,20221110
IDFM:TN:2951,1,0,0,1,1,0,0,20221013,20221110
IDFM:TN:2953,1,0,0,1,1,0,0,20221013,20221111
IDFM:TN:2957,1,0,0,1,1,0,0,20221013,20221111
IDFM:TN:2958,1,0,0,1,1,0,0,20221013,20221111
IDFM:TN:2960,1,0,0,1,1,0,0,20221013,20221111
IDFM:TN:2961,1,0,0,1,1,0,0,20221013,20221111
IDFM:TN:2962,1,0,1,1,1,0,0,20221013,20221111
IDFM:TN:2963,1,0,1,1,1,0,0,20221013,20221110
IDFM:TN:2965,1,1,1,1,1,0,0,20221013,20221110
IDFM:TN:2968,1,1,1,1,1,0,0,20221013,20221111
IDFM:TN:2991,1,1,1,1,1,0,0,20221013,20221110
IDFM:TN:2992,1,1,1,1,1,0,0,20221013,20221111
IDFM:TN:3018,0,0,0,0,0,1,0,20221015,20221111
IDFM:TN:3037,1,1,0,1,1,0,0,20221013,20221110
IDFM:TN:3039,0,0,0,0,0,1,0,20221015,20221030
IDFM:TN:3041,0,0,0,0,0,0,1,20221016,20221031
IDFM:TN:3052,1,0,0,1,0,0,0,20221013,20221110
IDFM:TN:3086,0,0,1,0,0,0,0,20221019,20221026
IDFM:TN:3089,1,1,1,1,0,0,0,20221024,20221110
IDFM:TN:3090,1,1,1,1,1,0,0,20221031,20221104
IDFM:TN:3158,0,0,1,0,0,0,0,20221025,20221105
IDFM:TN:3162,0,0,1,0,0,0,0,20221025,20221106
IDFM:TN:3236,1,0,1,1,1,0,0,20221013,20221110
IDFM:TN:3240,0,1,1,1,1,0,0,20221014,20221110
IDFM:TN:3245,0,0,0,0,0,1,0,20221015,20221105
IDFM:TN:3248,1,0,0,0,0,0,0,20221017,20221107
IDFM:TN:3254,0,1,1,0,0,0,0,20221025,20221026
IDFM:TN:3304,1,1,1,1,1,0,0,20221013,20221110
IDFM:TN:3316,1,1,1,1,1,0,0,20221013,20221111
IDFM:TN:3345,0,0,1,1,1,0,0,20221014,20221110
IDFM:TN:3348,0,0,0,0,0,1,0,20221015,20221111
IDFM:TN:3355,0,0,0,0,0,0,1,20221015,20221023
IDFM:TN:3385,0,1,1,1,1,0,0,20221025,20221028
IDFM:TN:3457,0,0,0,0,0,1,1,20221015,20221030
IDFM:TN:3459,0,0,0,0,0,1,0,20221015,20221030
IDFM:TN:3476,0,0,1,1,1,0,0,20221014,20221110
IDFM:TN:3477,0,1,1,1,1,1,0,20221025,20221029
IDFM:TN:3478,1,1,1,1,1,1,0,20221014,20221111
IDFM:TN:3734,1,1,1,1,1,1,1,20221013,20221111
IDFM:TN:3764,1,1,1,1,1,0,0,20221014,20221111
IDFM:TN:3897,1,1,1,1,1,1,0,20221013,20221110
IDFM:TN:3904,1,0,1,1,1,1,1,20221013,20221111
IDFM:TN:3907,1,0,1,1,1,0,0,20221013,20221111
IDFM:TN:3934,1,0,1,1,1,0,0,20221013,20221110
IDFM:TN:3935,1,0,1,1,1,0,0,20221013,20221111
IDFM:TN:3936,1,0,1,1,1,0,0,20221013,20221111
IDFM:TN:3967,0,0,0,0,0,1,0,20221015,20221023
IDFM:TN:4118,0,0,0,1,0,0,0,20221013,20221110
IDFM:TN:4182,1,0,1,1,1,0,0,20221013,20221110
IDFM:TN:4198,1,1,1,1,1,1,1,20221013,20221111
IDFM:TN:4236,0,0,0,1,1,1,1,20221013,20221106
IDFM:TN:4426,1,1,1,1,1,0,0,20221013,20221111
IDFM:TN:4427,1,1,1,1,1,0,0,20221013,20221028
IDFM:TN:4464,0,0,0,0,1,0,0,20221013,20221111
IDFM:TN:4467,0,0,0,0,0,1,1,20221013,20221111
IDFM:TN:4516,1,1,1,1,1,0,0,20221015,20221111
IDFM:TN:4554,1,1,1,1,1,0,0,20221017,20221110
IDFM:TN:4558,0,0,0,1,1,0,0,20221013,20221106
IDFM:TN:4559,1,1,1,1,1,0,0,20221013,20221110
IDFM:TN:4579,0,0,0,0,0,1,1,20221022,20221106
IDFM:TN:4672,0,0,0,0,1,0,0,20221013,20221111
IDFM:TN:4674,1,1,1,1,1,1,1,20221013,20221111
IDFM:TN:4675,0,0,0,0,1,0,0,20221013,20221111
IDFM:TN:4723,0,0,0,0,0,1,1,20221015,20221107
IDFM:TN:4756,0,0,0,0,0,1,1,20221015,20221111
IDFM:TN:4761,1,1,1,1,1,0,0,20221017,20221111
IDFM:TN:4766,1,1,1,1,1,0,0,20221017,20221111
IDFM:TN:4776,1,1,1,1,0,0,0,20221017,20221110
IDFM:TN:4778,1,1,1,1,1,0,0,20221017,20221111
IDFM:TN:4798,1,1,1,1,1,0,0,20221017,20221110
IDFM:TN:4901,1,1,1,1,1,1,1,20221013,20221111
IDFM:TN:4913,0,1,1,0,1,1,1,20221013,20221111
IDFM:TN:4924,1,1,1,1,1,0,0,20221013,20221110
IDFM:TN:4925,0,0,1,1,1,0,0,20221013,20221110
IDFM:TN:4926,0,0,1,1,1,0,0,20221013,20221110
IDFM:TN:4928,0,0,1,1,1,0,0,20221013,20221110
IDFM:TN:4929,0,0,0,1,0,0,0,20221013,20221110
IDFM:TN:4942,0,0,0,0,0,1,1,20221022,20221106
IDFM:TN:4943,0,0,1,1,0,0,0,20221022,20221110
IDFM:TN:4979,0,0,0,1,1,0,0,20221013,20221028
IDFM:TN:4989,0,0,0,1,1,1,1,20221013,20221106
IDFM:TN:4992,1,1,1,1,1,0,0,20221017,20221110
IDFM:TN:4993,1,0,1,1,1,0,0,20221017,20221110
IDFM:TN:4994,1,1,1,1,0,1,1,20221017,20221110
IDFM:TN:4995,1,1,1,1,1,1,1,20221017,20221110
IDFM:TN:5047,1,1,1,1,1,0,0,20221017,20221111
IDFM:TN:5077,1,1,1,1,1,1,0,20221013,20221110
IDFM:TN:5083,1,0,1,1,1,1,1,20221013,20221111
IDFM:TN:5085,1,1,1,1,1,1,1,20221013,20221111
IDFM:TN:5098,0,0,0,0,1,1,1,20221013,20221111
IDFM:TN:5104,0,1,0,0,0,0,0,20221101,20221108
IDFM:TN:5112,1,1,1,1,1,1,1,20221013,20221111
IDFM:TN:5124,1,1,1,1,1,1,0,20221014,20221110
IDFM:TN:5145,1,1,1,1,1,0,0,20221017,20221110
IDFM:TN:5170,1,1,1,1,1,1,1,20221013,20221111
IDFM:TN:5172,1,1,1,1,1,1,1,20221013,20221111
IDFM:TN:5191,0,0,0,0,0,1,1,20221013,20221106
IDFM:TN:5199,1,1,1,1,1,0,0,20221024,20221111
IDFM:TN:5213,1,0,1,1,1,1,1,20221013,20221111
IDFM:TN:5248,0,1,1,1,1,1,0,20221013,20221105
IDFM:TN:5252,1,1,1,1,1,0,1,20221013,20221111
IDFM:TN:5253,1,1,1,1,1,0,0,20221013,20221111
IDFM:TN:5254,0,1,1,1,1,0,1,20221013,20221111
IDFM:TN:5257,0,0,0,1,0,0,0,20221013,20221110
IDFM:TN:5265,1,1,1,1,1,1,1,20221014,20221111
IDFM:TN:5269,1,0,0,1,0,1,0,20221015,20221106
IDFM:TN:5270,0,0,0,0,0,1,1,20221015,20221111
IDFM:TN:5274,1,0,0,0,0,0,1,20221016,20221111
IDFM:TN:5320,1,1,1,1,1,0,0,20221013,20221111
IDFM:TN:5324,1,0,1,1,1,0,0,20221013,20221111
IDFM:TN:5325,1,1,1,1,1,0,0,20221013,20221110
IDFM:TN:5331,1,1,1,1,1,0,1,20221014,20221111
IDFM:TN:5362,1,1,1,1,1,1,1,20221013,20221111
IDFM:TN:5364,1,1,1,1,1,1,1,20221013,20221111
IDFM:TN:5367,1,1,1,1,1,1,1,20221013,20221111
IDFM:TN:5390,0,0,0,0,0,1,1,20221022,20221111
IDFM:TN:5419,0,0,0,0,0,0,1,20221030,20221106
IDFM:TN:5423,1,1,1,1,1,0,0,20221013,20221111
IDFM:TN:5491,1,1,1,1,1,0,0,20221013,20221111
IDFM:TN:5493,0,0,0,0,1,0,0,20221014,20221111
IDFM:TN:5515,0,0,0,0,0,0,1,20221022,20221111
IDFM:TN:5596,1,1,1,1,1,0,0,20221013,20221110
IDFM:TN:5609,1,1,1,1,1,1,1,20221014,20221111
IDFM:TN:5617,0,0,0,0,0,0,1,20221029,20221111
IDFM:TN:5630,0,0,0,0,1,1,0,20221014,20221105
IDFM:TN:5633,0,0,1,0,0,0,0,20221102,20221111
IDFM:TN:5670,1,1,1,1,1,0,0,20221013,20221110
IDFM:TN:5694,1,1,1,1,1,0,0,20221013,20221110
IDFM:TN:5732,1,1,1,1,1,0,0,20221013,20221111
IDFM:TN:5745,1,1,1,1,1,0,0,20221013,20221111
IDFM:TN:5746,0,1,1,1,1,1,0,20221014,20221111
IDFM:TN:5834,1,1,1,1,1,0,0,20221013,20221110
IDFM:TN:5932,1,1,1,1,1,0,0,20221013,20221110
IDFM:TN:5950,0,0,0,0,0,1,1,20221016,20221106
IDFM:TN:6047,1,1,1,1,1,0,0,20221014,20221111
IDFM:TN:6076,1,1,1,1,1,1,1,20221013,20221110
IDFM:TN:6375,1,0,0,0,0,0,1,20221016,20221107
IDFM:TN:6793,1,0,0,0,0,0,0,20221017,20221110
IDFM:TN:6833,0,0,0,0,0,0,1,20221016,20221030
IDFM:TN:6924,0,0,0,0,0,1,0,20221015,20221029
IDFM:TN:6931,0,0,0,0,0,0,1,20221016,20221101
IDFM:TN:6986,0,1,0,1,1,1,0,20221014,20221105
IDFM:TN:7036,0,0,0,0,0,0,1,20221016,20221106
IDFM:TN:7042,1,0,1,1,1,0,0,20221013,20221110
IDFM:TN:7059,0,0,0,0,0,1,1,20221015,20221111
IDFM:TN:7126,0,0,0,0,0,1,1,20221015,20221106
IDFM:TN:7128,0,0,0,0,0,1,1,20221015,20221106
IDFM:TN:7134,0,0,0,0,0,1,1,20221015,20221106
IDFM:TN:7154,0,0,0,0,0,1,1,20221016,20221106
IDFM:TN:7155,0,0,0,0,0,0,1,20221016,20221106
IDFM:TN:7156,0,0,0,0,0,1,1,20221022,20221106
IDFM:TN:7157,0,0,0,0,0,1,1,20221022,20221106
IDFM:TN:7158,0,0,0,0,0,1,1,20221022,20221106
IDFM:TN:7249,1,0,1,1,1,0,0,20221013,20221110
IDFM:TN:7252,0,0,0,0,0,0,1,20221015,20221106
IDFM:TN:7259,0,0,0,0,0,1,1,20221015,20221106
IDFM:TN:7285,0,0,0,0,0,1,0,20221022,20221105
IDFM:TN:7431,1,1,1,1,1,1,1,20221013,20221110
IDFM:TN:7433,1,1,1,1,1,1,1,20221013,20221110
IDFM:TN:7475,1,1,1,1,1,1,1,20221014,20221110
IDFM:TN:7506,0,0,0,0,0,1,1,20221015,20221110
IDFM:TN:7515,1,1,1,1,1,1,0,20221013,20221110
IDFM:TN:7516,1,1,1,1,1,1,1,20221013,20221110
IDFM:TN:7556,0,0,0,0,0,0,1,20221016,20221101
IDFM:TN:7584,1,0,0,0,0,0,0,20221031,20221110
IDFM:TN:7665,1,1,1,1,1,1,1,20221013,20221110
IDFM:TN:7774,0,0,0,0,0,1,1,20221022,20221110
IDFM:TN:7792,1,1,1,1,1,0,0,20221013,20221111
IDFM:TN:8005,1,1,1,1,1,1,1,20221013,20221109
IDFM:TN:8008,0,0,0,0,0,1,1,20221013,20221106
IDFM:TN:8010,1,0,0,0,0,0,1,20221014,20221107
IDFM:TN:8012,1,1,1,1,1,0,0,20221014,20221109
IDFM:TN:8018,1,1,1,1,1,1,0,20221013,20221109
IDFM:TN:8019,1,1,1,1,1,0,0,20221013,20221109
IDFM:TN:8153,1,1,1,1,1,0,0,20221024,20221110
IDFM:TN:8155,0,1,1,1,1,1,0,20221025,20221111
IDFM:TN:8158,0,0,0,0,0,0,1,20221023,20221110
IDFM:TN:8496,0,1,1,1,1,1,0,20221025,20221110
IDFM:TN:8536,1,1,1,1,1,1,1,20221014,20221111
IDFM:TN:8588,1,0,0,0,0,0,1,20221016,20221102
IDFM:TN:8717,0,1,1,1,1,1,0,20221025,20221111
IDFM:TN:8733,1,1,1,1,1,1,1,20221013,20221109
IDFM:TN:8737,1,1,1,1,1,1,1,20221014,20221109
IDFM:TN:8870,1,1,1,1,1,0,0,20221015,20221111
IDFM:TN:9206,0,1,1,1,1,0,0,20221016,20221111
IDFM:TN:9364,1,1,1,1,1,1,1,20221013,20221111
IDFM:TN:9446,1,0,1,1,1,0,0,20221031,20221111
IDFM:TN:9494,1,0,0,0,1,0,1,20221014,20221111
IDFM:TN:9589,0,1,1,1,1,0,0,20221014,20221109
IDFM:TN:9590,0,0,0,0,0,0,1,20221015,20221106
IDFM:TN:9664,0,0,1,1,1,0,0,20221102,20221104
IDFM:TN:10000,1,1,1,1,1,0,0,20221013,20221108
IDFM:TN:10061,0,0,0,1,1,1,0,20221103,20221105
IDFM:TN:10062,0,0,0,0,0,1,1,20221105,20221106
IDFM:TN:10063,1,0,0,0,0,0,0,20221107,20221107
IDFM:TN:10100,1,0,0,0,0,0,0,20221031,20221108
IDFM:TN:10105,0,0,1,1,0,0,0,20221109,20221110
IDFM:TN:10106,0,0,0,1,1,0,0,20221110,20221111
IDFM:TN:10107,0,0,0,0,1,0,0,20221111,20221111
IDFM:TN:10219,1,1,1,1,1,0,0,20221014,20221108
IDFM:TN:10220,0,0,0,0,0,1,1,20221022,20221106
IDFM:TN:10238,0,1,0,0,0,0,0,20221101,20221109
IDFM:TN:10274,0,1,1,1,1,1,0,20221014,20221029
IDFM:TN:10275,0,0,0,0,0,1,1,20221015,20221016
IDFM:TN:10450,0,0,0,0,0,1,1,20221015,20221106
IDFM:TN:10457,0,1,1,1,1,1,0,20221014,20221109
IDFM:TN:10458,1,0,0,0,0,0,1,20221016,20221107
IDFM:TN:10599,1,0,0,0,0,0,0,20221031,20221108
IDFM:TN:10601,1,1,1,1,1,0,0,20221013,20221028
IDFM:TN:10693,0,0,0,1,0,0,0,20221110,20221110
IDFM:TN:10811,0,0,1,0,0,0,0,20221019,20221109
IDFM:TN:10957,0,0,0,0,0,1,1,20221022,20221101
IDFM:TN:10964,0,1,0,0,0,0,0,20221101,20221109
IDFM:TN:11075,1,0,0,0,0,0,1,20221023,20221107
IDFM:TN:11086,0,0,0,0,0,0,1,20221106,20221106
IDFM:TN:11126,0,0,0,0,0,1,1,20221015,20221101
IDFM:TN:11134,1,0,0,0,0,0,1,20221016,20221102
IDFM:TN:11172,0,0,0,0,0,1,1,20221015,20221101
IDFM:TN:11203,1,0,0,0,0,0,1,20221023,20221102
IDFM:TN:11352,1,1,1,1,1,0,0,20221013,20221110
IDFM:TN:11358,1,1,1,1,1,0,0,20221014,20221110
IDFM:TN:11391,1,1,1,1,1,0,0,20221013,20221110
IDFM:TN:11392,0,0,0,0,1,0,0,20221014,20221014
IDFM:TN:11393,0,0,0,0,0,1,1,20221015,20221106
IDFM:TN:11395,0,0,0,1,1,0,0,20221013,20221104
IDFM:TN:11404,0,0,0,0,0,1,0,20221029,20221105
IDFM:TN:11448,0,0,0,1,1,0,0,20221013,20221014
IDFM:TN:11464,1,0,1,1,1,0,0,20221020,20221104
IDFM:TN:11517,0,0,0,1,0,0,0,20221013,20221103
IDFM:TN:11521,0,0,0,0,1,0,0,20221014,20221104
IDFM:TN:11540,1,1,1,1,0,0,0,20221013,20221110
IDFM:TN:11565,1,1,1,1,1,1,1,20221014,20221110
IDFM:TN:11581,0,0,0,0,0,0,1,20221015,20221106
IDFM:TN:11616,1,1,1,0,0,0,0,20221017,20221110
IDFM:TN:11834,0,0,0,0,0,1,0,20221105,20221105
IDFM:TN:12195,0,0,0,0,0,1,1,20221015,20221106
IDFM:TN:12197,1,0,0,0,0,0,1,20221016,20221107
IDFM:TN:12209,0,1,0,0,0,0,0,20221101,20221101
IDFM:TN:12211,0,0,1,0,0,0,0,20221102,20221102
IDFM:TN:12218,0,1,1,1,1,1,0,20221014,20221111
IDFM:TN:12503,0,0,0,0,0,1,1,20221014,20221106
IDFM:TN:12504,1,1,1,1,1,0,0,20221017,20221110
IDFM:TN:13158,0,0,0,1,1,0,0,20221013,20221104
IDFM:TN:13163,0,0,0,0,0,1,0,20221014,20221105
IDFM:TN:13215,0,0,0,0,0,1,0,20221013,20221105
IDFM:TN:13220,0,0,0,0,0,1,0,20221014,20221105
IDFM:TN:13281,1,1,1,1,1,1,1,20221013,20221110
IDFM:TN:13546,0,0,0,0,0,1,0,20221029,20221105
IDFM:TN:13562,0,0,0,0,0,1,1,20221029,20221030
IDFM:TN:13854,1,1,1,1,1,1,0,20221013,20221111
IDFM:TN:13855,1,1,1,1,1,1,1,20221013,20221111
IDFM:TN:13860,1,1,1,1,1,0,1,20221013,20221110
IDFM:TN:13866,0,0,0,1,1,1,1,20221013,20221111
IDFM:TN:13867,0,0,0,1,1,0,0,20221013,20221104
IDFM:TN:13869,1,0,0,0,0,0,1,20221016,20221107
IDFM:TN:13870,1,1,1,1,1,0,0,20221017,20221028
IDFM:TN:13883,1,0,0,0,0,0,0,20221014,20221107
IDFM:TN:13885,1,1,1,1,1,1,0,20221014,20221111
IDFM:TN:13887,0,0,0,0,0,0,1,20221016,20221106
IDFM:TN:13888,0,1,1,1,1,0,0,20221018,20221028
IDFM:TN:13895,0,0,0,0,1,0,1,20221014,20221110
IDFM:TN:13896,0,0,0,0,1,1,1,20221015,20221111
IDFM:TN:13897,1,1,1,1,1,1,1,20221015,20221111
IDFM:TN:13898,0,0,0,0,0,1,0,20221015,20221111
IDFM:TN:13899,1,1,1,1,0,0,0,20221017,20221110
IDFM:TN:13900,1,1,1,1,1,0,0,20221013,20221110
IDFM:TN:13906,0,0,0,1,0,0,0,20221013,20221013
IDFM:TN:13909,1,1,1,1,0,0,0,20221013,20221109
IDFM:TN:13921,1,1,1,1,1,0,0,20221014,20221110
IDFM:TN:13926,1,1,1,1,0,0,0,20221107,20221110
IDFM:TN:13935,0,0,0,0,0,0,1,20221016,20221106
IDFM:TN:13936,1,0,0,0,0,0,0,20221017,20221107
IDFM:TN:13938,0,0,0,1,1,0,0,20221014,20221104
IDFM:TN:13941,0,1,1,1,0,0,0,20221108,20221110
IDFM:TN:13945,1,1,1,1,1,0,0,20221013,20221111
IDFM:TN:13946,1,1,1,1,1,0,0,20221013,20221111
IDFM:TN:13947,1,1,1,1,1,0,0,20221014,20221111
IDFM:TN:13950,0,0,0,0,0,1,0,20221015,20221015
IDFM:TN:13954,0,0,0,0,0,0,1,20221015,20221111
IDFM:TN:13956,0,0,0,0,0,0,1,20221016,20221111
IDFM:TN:13957,0,0,0,0,0,1,0,20221022,20221029
IDFM:TN:13963,0,0,1,0,0,0,0,20221013,20221104
IDFM:TN:13964,1,0,1,1,1,0,0,20221013,20221110
IDFM:TN:13965,0,1,1,0,0,0,0,20221018,20221019
IDFM:TN:13966,0,0,0,1,1,0,0,20221020,20221110
IDFM:TN:13967,0,0,0,1,1,0,0,20221020,20221028
IDFM:TN:13969,1,1,1,1,1,0,0,20221014,20221110
IDFM:TN:13972,1,1,1,1,0,0,0,20221013,20221110
IDFM:TN:13976,0,0,0,0,0,1,0,20221015,20221031
IDFM:TN:13979,0,0,0,0,0,0,1,20221016,20221016
IDFM:TN:13980,0,0,0,0,1,0,0,20221021,20221028
IDFM:TN:13981,0,0,0,0,0,0,1,20221023,20221023
IDFM:TN:13985,1,1,1,1,1,0,0,20221013,20221110
IDFM:TN:13986,1,0,1,1,1,0,0,20221013,20221110
IDFM:TN:13995,0,1,0,0,0,0,0,20221025,20221108
IDFM:TN:14000,1,1,1,1,1,0,0,20221013,20221111
IDFM:TN:14001,1,1,1,1,1,0,0,20221013,20221110
IDFM:TN:14002,1,1,1,1,0,0,0,20221013,20221111
IDFM:TN:14005,1,1,1,1,1,0,0,20221013,20221111
IDFM:TN:14007,0,1,1,0,0,0,0,20221108,20221109
IDFM:TN:14011,1,1,1,1,1,0,0,20221013,20221111
IDFM:TN:14015,0,0,0,0,0,0,1,20221016,20221023
IDFM:TN:14023,0,0,0,1,1,0,1,20221013,20221111
IDFM:TN:14024,1,1,1,0,0,0,0,20221014,20221110
IDFM:TN:14029,0,0,0,0,0,0,1,20221015,20221111
IDFM:TN:14036,1,1,1,0,0,0,0,20221017,20221102
IDFM:TN:14045,1,1,1,1,1,0,0,20221013,20221111
IDFM:TN:14046,1,1,1,1,1,0,1,20221013,20221111
IDFM:TN:14047,1,1,1,1,1,0,0,20221014,20221111
IDFM:TN:14049,0,1,0,0,0,0,0,20221016,20221101
IDFM:TN:14052,0,0,1,1,0,0,0,20221026,20221103
IDFM:TN:14060,1,1,1,1,1,0,0,20221014,20221110
IDFM:TN:14070,0,0,0,0,1,0,0,20221014,20221110
IDFM:TN:14075,1,0,0,1,0,0,0,20221013,20221110
IDFM:TN:14076,0,0,0,0,1,0,0,20221014,20221104
IDFM:TN:14077,0,0,0,0,0,1,1,20221015,20221111
IDFM:TN:14078,0,0,1,0,0,0,0,20221019,20221019
IDFM:TN:14081,0,0,0,0,0,0,1,20221016,20221030
IDFM:TN:14086,1,1,1,1,1,0,0,20221014,20221110
IDFM:TN:14088,0,1,1,0,0,0,0,20221014,20221110
IDFM:TN:14090,0,0,0,1,1,0,0,20221020,20221021
IDFM:TN:14091,0,0,0,1,1,0,0,20221027,20221028
IDFM:TN:14106,1,0,0,0,0,0,0,20221017,20221107
IDFM:TN:14108,0,0,1,1,0,0,0,20221019,20221020
IDFM:TN:14111,0,0,0,1,0,0,0,20221020,20221020
IDFM:TN:14127,0,0,0,0,1,0,0,20221021,20221104
IDFM:TN:14138,1,1,1,1,0,0,0,20221024,20221027
IDFM:TN:14164,1,1,1,1,1,0,0,20221013,20221111
IDFM:TN:14166,1,1,1,1,1,0,0,20221013,20221110
IDFM:TN:14173,1,1,1,1,1,0,0,20221013,20221111
IDFM:TN:14175,0,1,1,1,1,0,0,20221018,20221021
IDFM:TN:14241,1,0,0,0,0,0,0,20221017,20221107
IDFM:TN:14250,0,0,0,0,0,1,0,20221015,20221029
IDFM:TN:14273,0,0,0,0,0,1,1,20221016,20221106
IDFM:TN:14296,1,1,1,1,1,0,0,20221013,20221111
IDFM:TN:14377,0,1,1,1,1,1,0,20221018,20221029
IDFM:TN:14378,0,0,1,1,1,0,0,20221013,20221111
IDFM:TN:14379,1,1,0,0,0,0,0,20221017,20221101
IDFM:TN:14381,1,1,1,1,1,0,0,20221017,20221021
IDFM:TN:14399,0,0,0,0,0,1,1,20221015,20221106
IDFM:TN:14414,1,1,1,1,1,1,1,20221014,20221111
IDFM:TN:14438,0,0,1,1,1,0,0,20221013,20221111
IDFM:TN:14440,1,1,0,0,0,0,0,20221017,20221101
IDFM:TN:14458,1,0,0,1,0,0,0,20221024,20221110
IDFM:TN:14459,0,1,0,0,0,0,0,20221025,20221025
IDFM:TN:14485,1,1,1,1,1,1,1,20221013,20221111
IDFM:TN:14953,0,0,0,0,0,1,1,20221015,20221106
IDFM:TN:14955,1,0,0,0,0,0,0,20221016,20221107
IDFM:TN:14986,0,1,1,1,1,1,0,20221014,20221111
IDFM:TN:16551,1,1,1,1,1,0,0,20221014,20221111
IDFM:TN:17234,0,0,0,0,0,1,0,20221015,20221105
IDFM:TN:17706,0,1,1,1,1,1,0,20221018,20221022
IDFM:TN:17725,1,1,1,1,1,0,0,20221013,20221111
IDFM:TN:17772,0,1,1,1,1,1,0,20221014,20221111
IDFM:TN:17775,0,1,1,1,1,1,0,20221014,20221111
IDFM:TN:17806,1,1,1,1,1,0,0,20221013,20221104
IDFM:TN:18003,0,1,1,1,1,1,0,20221014,20221105
IDFM:TN:18073,0,1,1,1,1,0,0,20221108,20221111
IDFM:TN:18074,1,1,1,1,1,0,0,20221107,20221111
IDFM:TN:18291,0,0,1,1,1,1,0,20221014,20221105
IDFM:TN:18293,0,0,0,1,1,1,0,20221014,20221105
IDFM:TN:18295,1,1,0,0,0,0,0,20221031,20221101
IDFM:TN:18504,0,0,0,1,1,0,0,20221013,20221021
IDFM:TN:18510,0,1,1,1,1,1,0,20221014,20221111
IDFM:TN:18517,0,0,0,0,1,1,0,20221014,20221022
IDFM:TN:18563,1,1,1,1,1,0,0,20221013,20221111
IDFM:TN:18564,0,1,1,1,1,1,0,20221014,20221111
IDFM:TN:19108,0,1,0,1,1,0,0,20221101,20221111
IDFM:TN:19117,1,1,1,1,1,0,0,20221013,20221111
IDFM:TN:20699,1,0,1,1,1,0,0,20221013,20221104
IDFM:TN:20702,1,0,1,1,1,0,0,20221024,20221104
IDFM:TN:20703,1,0,1,1,1,0,0,20221024,20221104
IDFM:TN:20705,1,1,1,1,1,1,1,20221013,20221111
IDFM:TN:20706,1,1,1,1,1,1,0,20221013,20221110
IDFM:TN:20707,1,1,1,1,1,1,1,20221014,20221111
IDFM:TN:20914,1,1,1,1,1,0,0,20221013,20221111
IDFM:TN:21225,0,1,1,1,1,1,1,20221014,20221111
IDFM:TN:21378,1,0,0,0,0,0,0,20221017,20221024
IDFM:TN:21759,0,1,1,1,1,1,0,20221014,20221111
IDFM:TN:22247,0,1,1,1,1,1,0,20221014,20221111
IDFM:TN:22248,1,0,1,1,0,0,0,20221031,20221110
IDFM:TN:22733,0,0,0,0,0,1,1,20221015,20221111
IDFM:TN:22739,1,1,1,1,1,0,0,20221031,20221111
IDFM:TN:22756,1,1,1,1,1,0,0,20221013,20221110
IDFM:TN:22767,0,0,0,0,0,1,0,20221022,20221111
IDFM:TN:22769,0,1,1,1,1,0,0,20221014,20221110
IDFM:TN:22777,1,1,1,1,1,1,1,20221014,20221110
IDFM:TN:22790,1,1,1,1,1,1,1,20221013,20221110
IDFM:TN:22794,0,0,0,1,1,1,1,20221013,20221016
IDFM:TN:22797,1,1,1,1,1,1,1,20221017,20221110
IDFM:TN:22798,0,0,0,0,0,0,1,20221023,20221106
IDFM:TN:22823,0,0,1,1,1,0,0,20221018,20221104
IDFM:TN:23015,1,1,1,1,1,1,0,20221014,20221110
IDFM:TN:23124,1,1,1,1,1,0,1,20221014,20221111
IDFM:TN:23135,1,0,1,1,1,0,0,20221014,20221110
IDFM:TN:23142,0,1,0,1,1,1,0,20221015,20221111
IDFM:TN:23603,0,0,0,0,1,0,1,20221014,20221111
IDFM:TN:23611,1,0,0,0,0,0,0,20221015,20221111
IDFM:TN:24132,1,1,1,1,1,0,1,20221013,20221111
IDFM:TN:24159,1,1,1,1,1,1,0,20221013,20221110
IDFM:TN:24169,1,1,1,1,1,0,0,20221013,20221111
IDFM:TN:24170,1,1,1,1,1,1,1,20221013,20221111
IDFM:TN:24212,0,0,0,0,0,1,1,20221015,20221023
IDFM:TN:24500,1,1,1,1,1,0,0,20221024,20221110
IDFM:TN:24520,0,0,0,0,0,0,1,20221016,20221111
IDFM:TN:24663,0,0,0,0,0,1,0,20221029,20221105
IDFM:TN:24664,0,0,0,0,0,1,1,20221029,20221111
IDFM:TN:24671,0,0,0,0,0,0,1,20221030,20221111
IDFM:TN:24696,0,0,0,0,1,0,0,20221028,20221104
